1	0	3805
2	3805	1358
3	5163	733
4	5896	1892
5	7788	2259
6	10047	2499
7	12546	1353
8	13899	825
9	14724	1475
10	16199	1412
11	17611	2061
12	19672	3738
13	23410	3517
14	26927	4163
15	31090	3944
16	35034	3379
17	38413	2988
18	41401	1093
19	42494	1268
20	43762	1279
21	45041	2647
22	47688	1594
23	49282	1058
24	50340	1663
25	52003	1852
26	53855	3649
27	57504	4344
28	61848	1268
29	63116	1267
30	64383	1813
31	66196	1449
32	67645	641
33	68286	2000
34	70286	1270
35	71556	7064
36	78620	11541
37	90161	702
38	90863	818
39	91681	2674
40	94355	1677
41	96032	1725
42	97757	2031
43	99788	4482
44	104270	746
45	105016	1146
46	106162	1846
47	108008	1300
48	109308	2312
49	111620	2578
50	114198	6545
51	120743	2896
52	123639	1028
53	124667	1534
54	126201	3555
5999	93700865	21595
56	134238	1688
57	135926	4251
58	140177	2798
59	142975	1252
60	144227	1022
61	145249	696
62	145945	3298
63	149243	15444
64	164687	3431
65	168118	778
66	168896	4005
67	172901	723
68	173624	859
69	174483	1072
70	175555	662
71	176217	2691
72	178908	800
73	179708	1703
74	181411	2796
75	184207	749
76	184956	1384
77	186340	2369
78	188709	1178
79	189887	693
80	190580	1807
81	192387	701
82	193088	1457
83	194545	687
84	195232	3671
85	198903	1525
86	200428	1544
87	201972	2898
88	204870	1171
89	206041	14438
90	220479	15405
91	235884	14059
92	249943	10395
93	260338	10659
94	270997	16393
95	287390	12986
96	300376	10970
97	311346	8741
98	320087	15010
99	335097	12831
100	347928	10468
101	358396	10635
102	369031	2694
103	371725	12800
104	384525	10960
105	395485	10966
106	406451	8316
107	414767	15598
108	430365	14644
109	445009	12606
110	457615	10403
111	468018	12668
112	480686	6287
113	486973	19135
114	506108	12271
115	518379	1099
116	519478	12289
117	531767	12365
118	544132	11467
119	555599	17658
120	573257	12242
121	585499	10121
122	595620	8837
123	604457	10912
124	615369	10651
125	626020	7401
126	633421	13361
127	646782	13289
128	660071	10114
129	670185	16416
130	686601	7280
131	693881	11729
132	705610	18242
133	723852	11076
134	734928	15145
135	750073	15304
136	765377	11048
137	776425	9860
138	786285	13246
139	799531	16919
140	816450	10075
141	826525	12583
142	839108	13707
143	852815	9469
144	862284	14951
145	877235	9092
146	886327	13468
147	899795	7294
148	907089	14035
149	921124	4656
150	925780	1217
151	926997	19282
152	946279	14140
153	960419	22036
154	982455	9339
155	991794	10912
156	1002706	12984
157	1015690	12541
158	1028231	15217
159	1043448	8904
160	1052352	8097
161	1060449	1848
162	1062297	7285
163	1069582	7189
164	1076771	14542
165	1091313	13233
166	1104546	7722
167	1112268	7845
168	1120113	6773
169	1126886	10604
170	1137490	15883
171	1153373	18743
172	1172116	10949
173	1183065	29338
174	1212403	16701
175	1229104	14421
176	1243525	13347
177	1256872	50101
178	1306973	32421
179	1339394	23338
180	1362732	18406
181	1381138	26880
182	1408018	16965
183	1424983	13745
184	1438728	14966
185	1453694	20665
186	1474359	21262
187	1495621	18936
188	1514557	19707
189	1534264	24720
190	1558984	41601
191	1600585	17996
192	1618581	21089
193	1639670	9396
194	1649066	14065
195	1663131	15541
196	1678672	13422
197	1692094	17046
198	1709140	26336
199	1735476	15391
200	1750867	19793
201	1770660	26416
202	1797076	21416
203	1818492	15545
204	1834037	20274
205	1854311	13628
206	1867939	18635
207	1886574	21644
208	1908218	8697
209	1916915	16806
210	1933721	12274
211	1945995	24649
212	1970644	12917
213	1983561	17149
214	2000710	13115
215	2013825	27534
216	2041359	14795
217	2056154	16966
218	2073120	23298
219	2096418	17595
220	2114013	7696
221	2121709	15180
222	2136889	16861
223	2153750	13908
224	2167658	19931
225	2187589	10742
226	2198331	17491
227	2215822	13490
228	2229312	20898
229	2250210	17245
230	2267455	13753
231	2281208	21502
232	2302710	23392
233	2326102	18503
234	2344605	13727
235	2358332	15089
236	2373421	12609
237	2386030	18379
238	2404409	17184
239	2421593	15484
240	2437077	20938
241	2458015	29756
242	2487771	15553
243	2503324	27371
244	2530695	17069
245	2547764	15996
246	2563760	23024
247	2586784	20064
248	2606848	9215
249	2616063	9339
250	2625402	11869
251	2637271	13898
252	2651169	512
253	2651681	9625
254	2661306	8654
255	2669960	11293
256	2681253	7370
257	2688623	6191
5996	93644205	14700
259	2695900	17050
260	2712950	16574
261	2729524	12375
262	2741899	10325
263	2752224	12748
5891	91580451	24549
265	2774596	14331
266	2788927	11194
267	2800121	64938
268	2865059	8942
269	2874001	11934
270	2885935	11559
271	2897494	27552
272	2925046	8329
273	2933375	10590
274	2943965	13554
275	2957519	34061
276	2991580	9289
277	3000869	9887
278	3010756	13850
279	3024606	15964
5885	91437112	15530
281	3053777	36987
282	3090764	12306
283	3103070	13355
284	3116425	10459
285	3126884	26983
286	3153867	11805
287	3165672	11155
288	3176827	37754
289	3214581	17524
290	3232105	15035
291	3247140	1950
292	3249090	16484
293	3265574	15464
294	3281038	10641
295	3291679	30842
296	3322521	18275
297	3340796	15490
298	3356286	10897
299	3367183	1737
300	3368920	24423
301	3393343	10886
302	3404229	15698
303	3419927	12907
304	3432834	15132
305	3447966	7558
306	3455524	1274
307	3456798	4159
308	3460957	12203
309	3473160	35700
310	3508860	10562
311	3519422	9820
312	3529242	7182
313	3536424	7133
314	3543557	9802
315	3553359	5648
316	3559007	9326
317	3568333	1315
5884	91419294	17818
319	3572207	3834
5883	91408543	10751
321	3585457	14887
322	3600344	11996
323	3612340	7594
324	3619934	9517
325	3629451	11441
326	3640892	6935
327	3647827	10180
328	3658007	6578
329	3664585	8420
5803	89554755	17178
331	3680116	7223
5807	89625464	29115
333	3691148	16192
334	3707340	10741
335	3718081	3361
336	3721442	5138
337	3726580	6765
338	3733345	10294
339	3743639	7745
340	3751384	7643
341	3759027	7825
342	3766852	6802
343	3773654	4991
344	3778645	3361
345	3782006	2461
346	3784467	10080
347	3794547	11705
348	3806252	12917
349	3819169	11267
350	3830436	16017
351	3846453	14731
352	3861184	9650
353	3870834	7687
354	3878521	7253
355	3885774	8782
356	3894556	5712
357	3900268	7734
358	3908002	15435
359	3923437	1398
360	3924835	2021
361	3926856	12003
362	3938859	10004
363	3948863	14543
364	3963406	13085
365	3976491	13706
366	3990197	4813
367	3995010	10116
368	4005126	9340
369	4014466	10510
370	4024976	5237
371	4030213	7708
372	4037921	7031
373	4044952	6180
5779	89170952	12068
375	4052206	11531
376	4063737	11595
377	4075332	11718
378	4087050	3063
379	4090113	17109
380	4107222	6577
5770	88994102	11073
382	4121390	13188
383	4134578	5347
384	4139925	7703
385	4147628	3519
386	4151147	4202
387	4155349	3758
388	4159107	16721
389	4175828	13690
390	4189518	7583
391	4197101	13830
392	4210931	11755
393	4222686	9288
394	4231974	13244
5882	91377678	30865
396	4253393	11704
397	4265097	7591
398	4272688	5800
399	4278488	7445
5746	88518397	14242
401	4289685	3237
402	4292922	2736
403	4295658	11962
404	4307620	14510
405	4322130	13157
5724	88065225	22365
407	4346963	18999
408	4365962	16159
409	4382121	7115
410	4389236	8842
411	4398078	11165
412	4409243	3549
413	4412792	6458
414	4419250	4619
415	4423869	6727
5881	91334395	43283
417	4432690	2130
418	4434820	9320
419	4444140	14518
420	4458658	14759
421	4473417	30320
422	4503737	10261
423	4513998	4350
424	4518348	10682
425	4529030	9375
426	4538405	10044
427	4548449	11082
428	4559531	4123
429	4563654	3655
430	4567309	2747
431	4570056	10151
432	4580207	20715
433	4600922	11853
434	4612775	6867
435	4619642	8497
436	4628139	11246
437	4639385	8848
438	4648233	9065
439	4657298	6192
440	4663490	11902
441	4675392	6339
442	4681731	3649
443	4685380	18029
444	4703409	14212
445	4717621	306
446	4717927	468
447	4718395	2319
5676	87171443	6551
5675	87152671	18772
450	4721488	9540
451	4731028	8240
452	4739268	13371
453	4752639	16059
454	4768698	20039
455	4788737	16547
456	4805284	9896
5806	89608968	16496
458	4823392	12724
459	4836116	9280
460	4845396	9882
5756	88743545	18055
462	4862502	8631
5678	87195332	36250
464	4874858	12190
465	4887048	18491
466	4905539	15289
5699	87571445	30626
468	4931886	14704
469	4946590	11550
470	4958140	11114
5755	88727701	15844
472	4977524	10458
473	4987982	11220
474	4999202	8203
475	5007405	5346
476	5012751	4134
477	5016885	2752
478	5019637	2619
479	5022256	15350
480	5037606	12491
481	5050097	14594
482	5064691	11322
483	5076013	9472
484	5085485	8582
485	5094067	8452
486	5102519	9294
5723	88047146	18079
488	5121198	5444
489	5126642	7339
490	5133981	16352
491	5150333	31688
492	5182021	14211
493	5196232	6879
494	5203111	9375
495	5212486	11903
496	5224389	9061
497	5233450	10109
498	5243559	8844
499	5252403	5418
500	5257821	2017
501	5259838	10858
5639	86299282	30458
503	5285520	10997
504	5296517	7536
505	5304053	32256
506	5336309	8556
5805	89591998	16970
508	5354382	8893
509	5363275	8205
510	5371480	11172
511	5382652	10350
512	5393002	8225
513	5401227	5241
514	5406468	4709
515	5411177	9135
516	5420312	5011
5797	89425055	9452
5795	89403453	15179
5793	89366661	20436
5791	89309475	25648
5789	89274632	15298
5787	89251557	8553
5785	89232623	6174
5784	89221713	10910
525	5484835	8203
526	5493038	20049
527	5513087	5628
5880	91316823	17572
529	5520589	12509
530	5533098	17844
531	5550942	11683
532	5562625	13267
533	5575892	11498
534	5587390	14151
535	5601541	11977
536	5613518	7388
537	5620906	9325
5783	89205906	15807
539	5639013	7864
540	5646877	6161
5781	89191777	5955
542	5660772	2662
543	5663434	2743
5778	89153580	17372
545	5678180	14785
546	5692965	12041
547	5705006	16155
548	5721161	14688
549	5735849	11897
550	5747746	7627
5776	89108043	25470
552	5764713	8252
5774	89048176	41910
554	5783475	8614
5772	89024348	12664
556	5799120	6480
557	5805600	5439
5769	88985969	8133
5763	88879659	938
5761	88845820	17809
5802	89535009	19746
562	5854698	6331
563	5861029	8230
564	5869259	10146
565	5879405	8616
566	5888021	7813
567	5895834	5756
568	5901590	6583
5580	85057114	32383
570	5914756	8577
571	5923333	3769
572	5927102	15520
573	5942622	15461
574	5958083	12060
575	5970143	5868
576	5976011	9114
577	5985125	9160
578	5994285	8365
579	6002650	7786
580	6010436	6379
581	6016815	7697
582	6024512	4398
583	6028910	1846
584	6030756	2002
585	6032758	15098
586	6047856	11696
5722	88033757	13389
588	6072709	13999
589	6086708	12961
5718	87950886	15977
591	6115828	4679
592	6120507	9715
5714	87846881	2215
5631	86125020	32591
595	6152317	10916
5710	87782981	15651
597	6167852	6198
5708	87759867	14624
5879	91301131	15692
5707	87743263	16604
5706	87719646	23617
5705	87700988	18658
5703	87659615	29381
5702	87641853	17762
5701	87627327	14526
5700	87602071	25256
607	6268529	11529
608	6280058	10662
609	6290720	7492
610	6298212	6651
611	6304863	8997
612	6313860	6384
613	6320244	5787
614	6326031	16752
615	6342783	11419
616	6354202	20665
5634	86196829	21294
618	6382334	9342
619	6391676	7126
620	6398802	9697
621	6408499	12248
622	6420747	6121
5682	87304858	20339
624	6433060	9341
625	6442401	6075
626	6448476	1621
627	6450097	16928
628	6467025	14597
5674	87125502	27169
5673	87114711	10791
5672	87091501	23210
5671	87069245	22256
633	6483186	11139
634	6494325	8741
635	6503066	5284
636	6508350	14489
637	6522839	8601
638	6531440	10595
639	6542035	12197
640	6554232	5509
641	6559741	6863
642	6566604	7004
643	6573608	11643
644	6585251	11527
645	6596778	7651
646	6604429	4961
647	6609390	10035
648	6619425	12988
649	6632413	13046
650	6645459	18397
651	6663856	9495
652	6673351	10004
5668	87010461	17037
5754	88697045	30656
5667	86985642	24819
5666	86972207	13435
5665	86945376	26831
5664	86928861	16515
5663	86904637	24224
5662	86864580	40057
5661	86840076	24504
5660	86818782	21294
5659	86748963	69819
5658	86724655	24308
5657	86694526	30129
5656	86652763	41763
5655	86631321	21442
5654	86618303	13018
5653	86602667	15636
670	6837028	7826
5652	86584536	18131
5651	86565119	19417
5650	86554215	10904
674	6873989	17540
675	6891529	3294
676	6894823	2677
677	6897500	1097
678	6898597	1135
679	6899732	2234
680	6901966	1209
681	6903175	1076
682	6904251	1701
683	6905952	2366
684	6908318	796
685	6909114	1694
686	6910808	566
687	6911374	2026
688	6913400	955
689	6914355	2311
690	6916666	960
691	6917626	1410
692	6919036	2970
693	6922006	6765
694	6928771	3744
695	6932515	2104
696	6934619	1757
697	6936376	2968
698	6939344	1116
699	6940460	3233
700	6943693	897
701	6944590	5208
702	6949798	1368
703	6951166	3811
704	6954977	6214
705	6961191	2374
706	6963565	2110
707	6965675	3515
708	6969190	3742
709	6972932	2549
710	6975481	13749
711	6989230	1472
712	6990702	1154
5577	85009801	16563
714	7009396	1053
715	7010449	646
716	7011095	1478
717	7012573	790
718	7013363	606
719	7013969	625
720	7014594	1232
721	7015826	3576
722	7019402	866
723	7020268	716
724	7020984	6329
725	7027313	596
726	7027909	2088
727	7029997	1252
5649	86530044	24171
5648	86509756	20288
5647	86478856	30900
5646	86463413	15443
5645	86450184	13229
5644	86439822	10362
5643	86420830	18992
5642	86376155	44675
5641	86350862	25293
5640	86329740	21122
5638	86264784	34498
5637	86253749	11035
5635	86218123	18601
5633	86180848	15981
5632	86157611	23237
5630	86106586	18434
5804	89571933	20065
5627	86020453	37540
5626	85992403	28050
5625	85964306	28097
5624	85954658	9648
5623	85939674	14984
5622	85924248	15426
5621	85913674	10574
5620	85898460	15214
5619	85887311	11149
5796	89418632	6423
5794	89387097	16356
5792	89335123	31538
5790	89289930	19545
5788	89260110	14522
5786	89238797	12760
760	7350283	7020
761	7357303	7115
5614	85775113	17234
5613	85742438	32675
5612	85732740	9698
5878	91280379	20752
5611	85718771	13969
5610	85702534	16237
5609	85682896	19638
5608	85662563	20333
5607	85637028	25535
5606	85617458	19570
5605	85589934	27524
5604	85580948	8986
5603	85566982	13966
5782	89197732	8174
5579	85051165	5949
5601	85497491	29219
5780	89183020	8757
5600	85482513	14978
5599	85467168	15345
5777	89133513	20067
5598	85449679	17489
5597	85421629	28050
5596	85396738	24891
5595	85382441	14297
5594	85344761	37680
5593	85322849	21912
5775	89090086	17957
5591	85302187	13779
5773	89037012	11164
5589	85236870	24222
5771	89005175	19173
5588	85227452	9418
5587	85214006	13446
5768	88961471	24498
5762	88863629	16030
5760	88825104	20716
5758	88770461	33601
5757	88761600	8861
5753	88674768	22277
5767	88939181	22290
5751	88610014	30244
5750	88591973	18041
5749	88577046	14927
5748	88569637	7409
5747	88532639	36998
5745	88496776	21621
5742	88474325	3777
5741	88459375	14950
5740	88444678	14697
5737	88381024	46350
5736	88362029	18995
5735	88349339	12690
5734	88321791	27548
5877	91258654	21725
5733	88291021	30770
5732	88262081	28940
5731	88239078	23003
5730	88213874	25204
5744	88485312	11464
5728	88162053	24178
5727	88139644	22409
5726	88106414	33230
5725	88087590	18824
5721	88016535	17222
5720	87993341	23194
5719	87966863	26478
5717	87907360	43526
5716	87870572	36788
5715	87849096	21476
5713	87830464	16417
5712	87809449	21015
5711	87798632	10817
5709	87774491	8490
5743	88478102	7210
836	8065992	3190
837	8069182	1997
838	8071179	16886
5704	87688996	11992
840	8102583	22265
841	8124848	43938
842	8168786	10041
843	8178827	11672
5698	87560481	10964
5696	87533036	7234
5695	87526203	6833
5694	87503826	22377
5693	87492346	11480
5692	87476336	16010
5691	87449648	26688
5690	87439315	10333
5689	87409273	30042
5688	87395571	13702
5687	87383752	11819
5686	87371938	11814
5685	87353622	18316
5684	87333750	19872
5683	87325197	8553
5681	87289171	15687
5680	87257485	31686
5679	87231582	25903
5677	87177994	17338
863	8357531	9264
864	8366795	12263
865	8379058	6027
866	8385085	23776
867	8408861	17541
868	8426402	13755
5890	91552465	27986
5889	91534468	17997
5888	91502325	32143
5887	91477582	24743
5886	91452642	24940
5876	91217213	41441
5840	90357548	41442
5839	90318586	38962
5838	90283758	34828
5837	90262636	21122
5875	91188280	28933
5836	90227646	34990
5835	90208708	18938
5834	90173758	34950
5833	90149970	23788
5832	90130171	19799
5831	90116998	13173
5830	90089657	27341
5829	90053119	36538
5828	90041523	11596
5827	90024786	16737
5826	89999861	24925
5825	89970310	29551
5824	89951149	19161
5823	89923146	28003
5822	89883630	39516
5821	89871233	12397
5820	89837150	34083
5814	89756969	26184
5813	89749417	7552
899	8923142	17707
900	8940849	23877
5812	89713705	35712
5811	89697878	15827
5810	89683393	14485
5809	89670483	12910
5808	89654579	15904
906	9017295	36704
907	9053999	25784
908	9079783	20219
909	9100002	25757
5991	93570358	10919
911	9136708	18311
912	9155019	17586
913	9172605	17678
5989	93534828	16268
5987	93474786	24361
916	9236051	26569
917	9262620	11853
918	9274473	33798
919	9308271	12105
5975	93242728	24322
921	9357822	12832
922	9370654	17059
923	9387713	27911
924	9415624	25598
925	9441222	29459
926	9470681	17417
927	9488098	13941
928	9502039	15003
929	9517042	17588
930	9534630	18209
931	9552839	27728
932	9580567	16913
933	9597480	22198
934	9619678	27411
5967	92997740	26172
936	9664135	17447
5964	92921299	27073
5962	92852558	27401
5960	92806429	25688
5958	92765535	28887
5956	92734380	21309
5954	92717897	9025
5952	92663131	34345
5950	92640001	10072
5948	92610952	12576
5946	92568274	21855
5944	92541354	11605
5942	92508089	6801
5940	92460573	34066
5938	92417092	23992
5936	92408185	7643
5934	92393011	9733
5932	92372309	7231
5930	92356987	6238
5928	92341036	6608
5926	92313072	9574
5924	92281079	27610
5922	92238991	23224
5920	92194966	19716
5918	92153311	24978
5916	92106085	18737
5914	92068950	11226
5912	92012845	28771
5910	91972002	18300
5739	88442633	2045
966	10189717	16909
967	10206626	22389
968	10229015	11636
969	10240651	12269
970	10252920	29453
971	10282373	14726
972	10297099	19208
973	10316307	20462
974	10336769	22479
975	10359248	21271
976	10380519	22198
977	10402717	14465
978	10417182	25077
979	10442259	16645
980	10458904	28593
981	10487497	16720
982	10504217	24515
983	10528732	24783
984	10553515	15291
985	10568806	22862
986	10591668	19092
5998	93672509	28356
988	10626166	23350
989	10649516	12589
990	10662105	9506
991	10671611	18635
992	10690246	10537
993	10700783	11319
994	10712102	14026
995	10726128	11441
996	10737569	9864
997	10747433	7933
998	10755366	1070
999	10756436	10324
1000	10766760	10546
1001	10777306	9181
1002	10786487	13673
1003	10800160	8883
1004	10809043	4820
1005	10813863	7089
1006	10820952	7455
1007	10828407	5932
1008	10834339	7696
1009	10842035	8433
1010	10850468	5901
1011	10856369	7025
1012	10863394	1226
1013	10864620	595
1014	10865215	13221
1015	10878436	15543
1016	10893979	10211
1017	10904190	7066
1018	10911256	14353
1019	10925609	10285
1020	10935894	12323
1021	10948217	13200
1022	10961417	11282
1023	10972699	17712
5509	83532722	31691
1025	10997130	4761
1026	11001891	13596
1027	11015487	11615
1028	11027102	11419
1029	11038521	7613
1030	11046134	4883
1031	11051017	11955
1032	11062972	21530
1033	11084502	17041
1034	11101543	12070
1035	11113613	14661
1036	11128274	10645
1037	11138919	10288
1038	11149207	8006
1039	11157213	9013
1040	11166226	18261
1041	11184487	14318
1042	11198805	8898
1043	11207703	15369
1044	11223072	15176
1045	11238248	15147
1046	11253395	7419
1047	11260814	10242
1048	11271056	9578
1049	11280634	10242
1050	11290876	12967
1051	11303843	6612
1052	11310455	10684
1053	11321139	9765
1054	11330904	7194
1055	11338098	13272
1056	11351370	9100
1057	11360470	11599
1058	11372069	1114
1059	11373183	15869
1060	11389052	11599
1061	11400651	6660
1062	11407311	4353
1063	11411664	5195
1064	11416859	9803
5997	93658905	13604
1066	11436405	12477
5995	93635852	8353
1068	11458724	9528
1069	11468252	8712
1070	11476964	12901
1071	11489865	5260
1072	11495125	9375
1073	11504500	9838
1074	11514338	9211
1075	11523549	11232
1076	11534781	5771
1077	11540552	12795
1078	11553347	14906
1079	11568253	7953
1080	11576206	7067
1081	11583273	8255
1082	11591528	7003
1083	11598531	3946
1084	11602477	5697
1085	11608174	8504
1086	11616678	11795
1087	11628473	7814
1088	11636287	6977
1089	11643264	12810
1090	11656074	10620
1091	11666694	16688
1092	11683382	7772
1093	11691154	1726
1094	11692880	17761
1095	11710641	11390
1096	11722031	7214
1097	11729245	6550
5636	86236724	17025
1099	11742870	7056
1100	11749926	16948
1101	11766874	9672
1102	11776546	14764
1103	11791310	16132
1104	11807442	9774
1105	11817216	16928
1106	11834144	9299
1107	11843443	8516
1108	11851959	12654
1109	11864613	11224
1110	11875837	11753
1111	11887590	19648
1112	11907238	12608
1113	11919846	12503
1114	11932349	9420
1115	11941769	13939
1116	11955708	14512
1117	11970220	17010
1118	11987230	11693
1119	11998923	7040
1120	12005963	10183
1121	12016146	9238
1122	12025384	12288
1123	12037672	16854
1124	12054526	16057
1125	12070583	16940
1126	12087523	11932
1127	12099455	13495
1128	12112950	9315
1129	12122265	15539
1130	12137804	18872
1131	12156676	13899
1132	12170575	11117
1133	12181692	17482
1134	12199174	9917
1135	12209091	15263
1136	12224354	9146
1137	12233500	9903
1138	12243403	10498
1139	12253901	11491
1140	12265392	5745
1141	12271137	9671
1142	12280808	17231
1143	12298039	7363
1144	12305402	7982
1145	12313384	6606
1146	12319990	11275
1147	12331265	13466
1148	12344731	7620
1149	12352351	14563
1150	12366914	15630
1151	12382544	11126
1152	12393670	8143
1153	12401813	14291
1154	12416104	6994
1155	12423098	8310
1156	12431408	15753
1157	12447161	16964
1158	12464125	14271
1159	12478396	16519
1160	12494915	18082
1161	12512997	9513
1162	12522510	6150
1163	12528660	15476
1164	12544136	12414
1165	12556550	14163
1166	12570713	6111
1167	12576824	14202
1168	12591026	9174
1169	12600200	7049
1170	12607249	17815
1171	12625064	9436
1172	12634500	13944
1173	12648444	12704
1174	12661148	8451
1175	12669599	16009
1176	12685608	12657
1177	12698265	12052
1178	12710317	12084
1179	12722401	13714
1180	12736115	17626
1181	12753741	15046
1182	12768787	11747
1183	12780534	14023
1184	12794557	12841
1185	12807398	15897
1186	12823295	16948
1187	12840243	9865
1188	12850108	11930
1189	12862038	12603
1190	12874641	11724
1191	12886365	8927
1192	12895292	9827
1193	12905119	12359
1194	12917478	14996
1195	12932474	19058
1196	12951532	12746
1197	12964278	12113
1198	12976391	13338
1199	12989729	16710
1200	13006439	13105
1201	13019544	9044
1202	13028588	13649
1203	13042237	13208
1204	13055445	14317
1205	13069762	15758
1206	13085520	11768
1207	13097288	10658
1208	13107946	10332
1209	13118278	8552
1210	13126830	17763
1211	13144593	13123
1212	13157716	14802
1213	13172518	8588
1214	13181106	6575
1215	13187681	12351
1216	13200032	13692
1217	13213724	14678
1218	13228402	12697
1219	13241099	8115
1220	13249214	8188
1221	13257402	14982
1222	13272384	11343
1223	13283727	15061
1224	13298788	18590
1225	13317378	18826
1226	13336204	13189
1227	13349393	11120
1228	13360513	17282
1229	13377795	12389
1230	13390184	12777
1231	13402961	15655
1232	13418616	9565
1233	13428181	7167
1234	13435348	8687
1235	13444035	15561
1236	13459596	20047
1237	13479643	19193
1238	13498836	17561
1239	13516397	15283
1240	13531680	26651
1241	13558331	16244
1242	13574575	17548
1243	13592123	17418
1244	13609541	25570
1245	13635111	19286
1246	13654397	15344
1247	13669741	31080
1248	13700821	18987
1249	13719808	22756
1250	13742564	30989
1251	13773553	18369
1252	13791922	16118
1253	13808040	23970
1254	13832010	16555
1255	13848565	25491
1256	13874056	23732
1257	13897788	20505
1258	13918293	16389
1259	13934682	24522
1260	13959204	19652
1261	13978856	14290
5985	93441375	20249
1263	14035318	27247
1264	14062565	9582
1265	14072147	12843
1266	14084990	20853
1267	14105843	19617
1268	14125460	9132
1269	14134592	12271
1270	14146863	23695
1271	14170558	23886
1272	14194444	22442
1273	14216886	8730
1274	14225616	16746
1275	14242362	19075
1276	14261437	19998
1277	14281435	22910
1278	14304345	16471
1279	14320816	16775
1280	14337591	33679
1281	14371270	13262
1282	14384532	24213
1283	14408745	16909
1284	14425654	30530
1285	14456184	12464
1286	14468648	14662
1287	14483310	20378
1288	14503688	17108
1289	14520796	23100
1290	14543896	19712
1291	14563608	22481
1292	14586089	50274
5670	87047253	21992
1294	14636817	18257
1295	14655074	23852
1296	14678926	21672
1297	14700598	16755
1298	14717353	30608
1299	14747961	22537
1300	14770498	20475
1301	14790973	24060
1302	14815033	18161
1303	14833194	20087
1304	14853281	14860
1305	14868141	24986
1306	14893127	20308
1307	14913435	24385
1308	14937820	22859
5526	83951657	17362
5525	83932827	18830
5524	83891325	41502
5523	83869510	21815
5990	93551096	19262
5522	83844655	24855
5521	83814459	30196
5520	83796377	18082
5988	93499147	35681
5986	93461624	13162
5519	83772598	23779
5518	83722538	50060
5984	93429719	11656
5983	93417847	11872
5982	93396679	21168
5981	93389078	7601
5980	93374564	14514
5979	93352894	21670
5978	93319421	33473
5977	93283762	35659
5976	93267050	16712
5974	93206183	36545
5973	93178876	27307
5972	93160370	18506
5971	93130975	29395
5970	93083678	47297
5969	93060203	23475
5968	93023912	36291
5966	92975707	22033
5965	92948372	27335
1339	15572225	19138
5549	84461969	34051
5961	92832117	20441
5959	92794422	12007
5957	92755689	9846
5955	92726922	7458
5953	92697476	20421
5951	92650073	13058
5949	92623528	16473
5947	92590129	20823
5945	92552959	15315
5943	92514890	26464
5941	92494639	13450
5939	92441084	19489
5937	92415828	1264
5935	92402744	5441
5933	92379540	13471
5931	92363225	9084
5929	92347644	9343
5927	92322646	18390
5925	92308689	4383
5923	92262215	18864
5921	92214682	24309
5919	92178289	16677
5917	92124822	28489
5915	92080176	25909
5913	92041616	27334
5911	91990302	22543
5909	91942911	29091
5908	91924344	18567
1369	16085228	17635
5907	91907974	16370
5905	91847045	46520
5904	91829163	17882
5903	91803819	25344
5902	91780991	22828
5901	91760468	20523
5900	91751365	9103
5899	91738735	12630
5898	91717170	21565
1379	16259590	20424
1380	16280014	20169
1381	16300183	23254
1382	16323437	22054
1383	16345491	16195
1384	16361686	14367
5517	83703989	18549
5897	91706693	10477
1387	16415437	29932
1388	16445369	16505
1389	16461874	17379
1390	16479253	17681
5516	83686312	17677
1392	16511400	28015
5896	91692863	13830
1394	16554900	17071
1395	16571971	19344
1396	16591315	14882
1397	16606197	16577
1398	16622774	15816
5515	83679840	6472
1400	16663668	25527
1401	16689195	18889
1402	16708084	25671
1403	16733755	21424
1404	16755179	14199
1405	16769378	20494
1406	16789872	18441
1407	16808313	20413
5514	83652449	27391
1409	16845372	18006
1410	16863378	24160
1411	16887538	40494
1412	16928032	30519
1413	16958551	27295
1414	16985846	23881
5513	83629543	22906
5895	91671118	21745
1417	17053875	32916
5512	83598883	30660
1419	17103512	23759
5894	91661136	9982
1421	17154643	21725
1422	17176368	22343
1423	17198711	35961
1424	17234672	21819
1425	17256491	20387
5893	91624013	37123
1427	17293948	18336
1428	17312284	22773
1429	17335057	21988
1430	17357045	15549
1431	17372594	12312
1432	17384906	11076
5496	83257164	15981
5511	83575497	23386
1435	17451847	15500
5892	91605000	19013
5510	83564413	11084
5906	91893565	14409
1439	17520987	25532
1440	17546519	17932
1441	17564451	28639
1442	17593090	21689
5819	89823823	13327
1444	17638662	18479
1445	17657141	19348
1446	17676489	4229
1447	17680718	1830
1448	17682548	4840
1449	17687388	4810
5486	83071997	21837
1451	17697038	755
1452	17697793	6442
1453	17704235	8474
1454	17712709	707
5485	83039667	32330
1456	17719858	1585
1457	17721443	1356
5484	83011704	27963
1459	17724384	4255
1460	17728639	2556
1461	17731195	2434
1462	17733629	5897
1463	17739526	1032
1464	17740558	4868
1465	17745426	5544
1466	17750970	2237
1467	17753207	1071
1468	17754278	1236
1469	17755514	1173
1470	17756687	2134
1471	17758821	752
1472	17759573	697
1473	17760270	3855
1474	17764125	1959
1475	17766084	943
1476	17767027	949
1477	17767976	919
1478	17768895	795
1479	17769690	6851
1480	17776541	867
1481	17777408	7247
1482	17784655	1990
1483	17786645	7618
1484	17794263	2613
1485	17796876	2533
1486	17799409	746
1487	17800155	2803
1488	17802958	740
1489	17803698	5976
1490	17809674	786
1491	17810460	2089
1492	17812549	1526
1493	17814075	2608
1494	17816683	4025
1495	17820708	1867
1496	17822575	3864
1497	17826439	5486
1498	17831925	944
1499	17832869	2017
1500	17834886	681
1501	17835567	7183
1502	17842750	2905
1503	17845655	717
1504	17846372	1546
1505	17847918	1308
1506	17849226	660
1507	17849886	1633
1508	17851519	636
1509	17852155	1444
1510	17853599	2563
1511	17856162	1947
1512	17858109	1775
1513	17859884	1247
1514	17861131	1413
1515	17862544	2092
1516	17864636	1229
1517	17865865	740
1518	17866605	2556
1519	17869161	1285
1520	17870446	1529
1521	17871975	667
1522	17872642	2371
1523	17875013	1113
1524	17876126	1067
1525	17877193	915
1526	17878108	2120
1527	17880228	1162
1528	17881390	4378
1529	17885768	1585
1530	17887353	720
1531	17888073	1085
1532	17889158	1113
1533	17890271	868
1534	17891139	2166
1535	17893305	2132
1536	17895437	1917
1537	17897354	1338
1538	17898692	1057
1539	17899749	10454
1540	17910203	16389
1541	17926592	22720
1542	17949312	20986
1543	17970298	41118
1544	18011416	32004
5766	88918427	20754
1546	18087005	23214
1547	18110219	20248
1548	18130467	66165
5874	91172850	15430
5873	91159039	13811
1551	18261002	22061
5872	91138884	20155
1553	18332354	14637
1554	18346991	64098
1555	18411089	12002
1556	18423091	21988
5871	91095485	43399
1558	18481016	11209
1559	18492225	42997
5870	91085170	10315
1561	18575311	25254
1562	18600565	26555
1563	18627120	30579
1564	18657699	25903
1565	18683602	17707
5869	91078320	6850
1567	18714707	32471
1568	18747178	15517
1569	18762695	26464
1570	18789159	12070
1571	18801229	51770
1572	18852999	24321
1573	18877320	22811
1574	18900131	30538
1575	18930669	12060
1576	18942729	22906
1577	18965635	24610
1578	18990245	21305
1579	19011550	26116
1580	19037666	20422
1581	19058088	23884
1582	19081972	8141
5697	87540270	20211
5868	91067665	10655
1585	19144837	26674
1586	19171511	21764
5542	84299880	43573
1588	19232920	43499
1589	19276419	25010
1590	19301429	42515
1591	19343944	9370
1592	19353314	25880
1593	19379194	21810
1594	19401004	16301
1595	19417305	13162
1596	19430467	18296
1597	19448763	29040
1598	19477803	16358
1599	19494161	17915
1600	19512076	8738
1601	19520814	13854
1602	19534668	25583
1603	19560251	9154
1604	19569405	31380
1605	19600785	21358
1606	19622143	48570
1607	19670713	6225
1608	19676938	10442
1609	19687380	10752
1610	19698132	6152
1611	19704284	10222
5759	88804062	21042
1613	19761163	19444
1614	19780607	27306
1615	19807913	16478
1616	19824391	6933
1617	19831324	46561
1618	19877885	2766
1619	19880651	31632
1620	19912283	8290
1621	19920573	12276
1622	19932849	10422
1623	19943271	3034
1624	19946305	2772
1625	19949077	9144
1626	19958221	5016
1627	19963237	33632
1628	19996869	9482
1629	20006351	20682
1630	20027033	5725
1631	20032758	60748
1632	20093506	25361
1633	20118867	23127
1634	20141994	6850
1635	20148844	17418
1636	20166262	48577
1637	20214839	36904
1638	20251743	17306
1639	20269049	29658
5866	91001098	41642
5865	90968349	32749
1642	20364932	48835
1643	20413767	23073
1644	20436840	22423
1645	20459263	38256
1646	20497519	25400
1647	20522919	6285
5864	90921255	47094
1649	20615336	29170
1650	20644506	31387
1651	20675893	56025
1652	20731918	14595
1653	20746513	20583
1654	20767096	27738
1655	20794834	13711
1656	20808545	30466
1657	20839011	35336
1658	20874347	30265
1659	20904612	6637
1660	20911249	7395
1661	20918644	31070
1662	20949714	29307
1663	20979021	23614
1664	21002635	16901
1665	21019536	13576
5482	82982354	13074
1667	21066288	20134
1668	21086422	41909
1669	21128331	23634
1670	21151965	34347
1671	21186312	27619
1672	21213931	58434
5628	86057993	32489
1674	21312955	24926
1675	21337881	30183
1676	21368064	24708
1677	21392772	7960
5818	89816658	7165
1679	21431495	31151
1680	21462646	20785
1681	21483431	26077
1682	21509508	36413
1683	21545921	34010
1684	21579931	16905
1685	21596836	11809
1686	21608645	24986
1687	21633631	15050
1688	21648681	31192
1689	21679873	13306
1690	21693179	22335
1691	21715514	26012
1692	21741526	4474
1693	21746000	30684
1694	21776684	14140
1695	21790824	30449
1696	21821273	31687
1697	21852960	25613
1698	21878573	34793
1699	21913366	42640
1700	21956006	7571
1701	21963577	21808
1702	21985385	9279
1703	21994664	15838
1704	22010502	29332
1705	22039834	23942
1706	22063776	15977
1707	22079753	53121
1708	22132874	19780
1709	22152654	11838
1710	22164492	31375
1711	22195867	28381
1712	22224248	21054
1713	22245302	17666
1714	22262968	12193
1715	22275161	20291
1716	22295452	14430
1717	22309882	29308
1718	22339190	22815
1719	22362005	39618
1720	22401623	29357
5863	90900366	20889
1722	22461364	25304
1723	22486668	32293
1724	22518961	16938
1725	22535899	14168
1726	22550067	33814
1727	22583881	11886
1728	22595767	9813
1729	22605580	3046
1730	22608626	12326
1731	22620952	33151
1732	22654103	25261
1733	22679364	33140
1734	22712504	36799
1735	22749303	20002
1736	22769305	18681
1737	22787986	40593
1738	22828579	28971
1739	22857550	20654
1740	22878204	39517
1741	22917721	28464
1742	22946185	10080
1743	22956265	11944
1744	22968209	29259
1745	22997468	31115
1746	23028583	24608
1747	23053191	24036
1748	23077227	6761
1749	23083988	18418
1750	23102406	51747
1751	23154153	29844
1752	23183997	17477
1753	23201474	34457
1754	23235931	11140
1755	23247071	19191
1756	23266262	9853
1757	23276115	8569
1758	23284684	21411
1759	23306095	14423
1760	23320518	33234
1761	23353752	36504
5862	90877123	23243
1763	23412729	8921
1764	23421650	24128
5369	80539041	26313
5366	80469402	20586
1767	23458637	16456
1768	23475093	18815
1769	23493908	8488
5361	80388937	11736
5359	80361589	17880
5357	80315711	24356
5354	80233578	31161
1774	23631609	16256
1775	23647865	1609
1776	23649474	10539
1777	23660013	22534
1778	23682547	8933
1779	23691480	4655
5349	80172963	9449
5347	80123713	26625
5344	80029723	47088
1783	23781117	16909
1784	23798026	46953
1785	23844979	17835
5339	79928109	12651
5337	79903590	9117
5335	79864105	21184
1789	23961882	35234
5312	79434034	24384
5332	79824915	9547
5331	79804643	20272
5330	79775640	29003
1794	24078922	9156
1795	24088078	23526
1796	24111604	52381
1797	24163985	37037
1798	24201022	46649
1799	24247671	16158
5323	79651959	15887
1801	24287957	42064
1802	24330021	28454
5817	89810083	6575
5461	82559918	21301
1805	24420389	22935
1806	24443324	29490
1807	24472814	38956
5454	82399732	23833
5451	82335389	15727
5448	82223401	35089
5446	82198872	13525
1812	24602721	39276
1813	24641997	13725
5442	82117740	19749
5440	82053059	52954
5437	81985641	11448
5438	81997089	33223
1818	24726521	18419
1819	24744940	27969
5435	81963463	10542
5433	81940888	6582
1822	24835045	23933
5427	81817799	25035
5426	81792240	25559
1825	24909189	7156
1826	24916345	22241
5422	81734784	11815
5420	81692025	19831
5419	81678397	13628
1830	25007698	13277
1831	25020975	13407
1832	25034382	33187
1833	25067569	22733
5411	81486229	10236
5409	81452019	13244
1836	25150058	28425
1837	25178483	14767
5401	81272005	36786
5399	81231764	18504
5397	81144674	29192
1841	25240164	50998
1842	25291162	32992
1843	25324154	37178
5391	81017881	16731
5861	90858603	18520
5387	80902265	38336
1847	25446377	28243
1848	25474620	12080
5379	80722934	10164
5375	80652310	28293
5581	85089497	28548
1852	25559390	7405
5464	82631528	34947
5816	89800382	9701
5460	82539968	19950
5297	79111609	18732
5296	79098209	13400
5456	82457327	11934
5453	82366578	33154
5450	82272489	62900
5447	82212397	11004
5445	82187851	11021
1863	25816458	17101
5295	79089112	9097
1865	25847284	32737
1866	25880021	44918
1867	25924939	5986
1868	25930925	10272
5294	79077809	11303
1870	25959616	21459
1871	25981075	37828
5431	81902136	18228
5429	81869003	20111
1874	26079309	36688
5425	81776224	16016
5424	81763123	13101
5423	81746599	16524
1878	26154655	19474
1879	26174129	27728
5418	81670585	7812
5416	81599896	43809
5414	81550072	28128
1883	26294897	29621
5413	81502209	47863
1885	26336356	27040
5408	81442061	9958
5406	81402073	26139
5404	81372330	9734
1889	26430497	20089
1890	26450586	10012
5396	81111368	33306
5394	81071345	18423
5392	81034612	23233
1894	26527151	29067
5390	81007569	10312
1896	26585575	21351
5386	80875119	27146
5383	80801997	26131
5378	80713279	9655
1900	26678691	13799
1901	26692490	4755
5372	80594127	16421
5368	80523142	15899
5365	80445715	23687
5322	79630866	21093
5321	79619326	11540
1907	26757261	45446
1908	26802707	2152
1909	26804859	29492
1910	26834351	10704
5356	80279583	36128
5353	80216291	17287
1913	26904329	21709
5319	79581030	18311
5318	79553130	27900
5317	79534402	18728
5315	79496281	15925
5313	79458418	30479
1919	26974308	37382
5346	80105413	18300
1921	27042805	1805
1922	27044610	14960
5343	80024525	5198
5341	79980255	19484
1925	27084749	15555
1926	27100304	30471
1927	27130775	37121
5333	79834462	17346
5310	79396535	16456
1930	27237587	3028
1931	27240615	28327
1932	27268942	9315
1933	27278257	39819
5327	79735802	15669
5326	79704697	31105
5306	79327115	10615
5304	79261190	11543
5302	79207575	25955
5325	79682146	22551
5367	80489988	33154
1941	27484308	29342
1942	27513650	23470
5363	80416658	12076
5362	80400673	15985
5360	80379469	9468
5358	80340067	21522
5269	78565124	19181
5355	80264739	14844
5352	80202253	14038
5351	80198650	3603
5350	80182412	16238
1952	27785074	16022
5316	79512206	22196
5314	79488897	7384
5348	80150338	22625
5345	80076811	28602
1957	27892937	16018
5268	78548665	16459
5342	79999739	24786
5340	79940760	39495
5338	79912707	15402
5336	79885289	18301
1963	28030685	7518
5334	79851808	12297
5309	79390591	5944
5311	79412991	21043
5265	78495447	23658
5264	78489367	6080
5329	79762811	12829
5308	79364995	25596
5307	79337730	27265
5305	79272733	54382
5303	79233530	27660
1974	28297686	8748
5324	79667846	14300
5465	82666475	22052
5463	82602884	28644
5815	89783153	17229
5459	82524522	15446
5458	82488448	36074
5457	82469261	19187
5455	82423565	33762
5452	82351116	15462
5449	82258490	13999
1985	28544127	21627
1986	28565754	29168
5444	82170265	17586
5443	82137489	32776
5441	82106013	11727
5439	82030312	22747
1991	28676805	20516
5276	78656831	17605
5275	78647616	9215
5436	81974005	11636
5434	81947470	15993
5432	81920364	20524
5430	81889114	13022
5428	81842834	26169
1999	28850261	35362
5293	79053076	24733
5292	79027424	25652
2002	28915020	34680
5421	81711856	22928
5274	78634854	12762
2005	28993266	14033
5291	78993732	33692
5290	78976894	16838
5273	78621302	13552
5288	78922142	39893
2010	29106247	24881
5287	78905159	16983
5403	81356449	15881
2013	29177219	23439
5272	78609600	11702
5271	78595504	14096
2016	29230759	21116
5285	78851873	17383
5284	78827469	24404
2019	29322045	24773
5389	80959041	48528
5860	90836708	21895
5385	80859717	15402
5382	80783289	18708
5380	80733098	7054
5377	80701628	11651
5374	80633174	19136
5371	80575941	18186
5417	81643705	26880
5415	81578200	21696
2030	29580881	30062
5289	78962035	14859
5412	81496465	5744
5410	81465263	20966
5407	81428212	13849
5405	81382064	20009
5402	81308791	47658
5400	81250268	21737
5398	81173866	57898
5395	81089768	21600
5393	81057845	13500
2041	29830666	23490
5283	78798013	29456
5388	80940601	18440
5859	90825861	10847
5384	80828128	31589
5381	80740152	43137
5282	78783684	14329
5376	80680603	21025
5373	80610548	22626
5370	80565354	10587
5479	82932985	26962
5575	84984296	17654
5477	82892589	23520
2054	30237476	29122
2055	30266598	22489
2056	30289087	19921
2057	30309008	4919
2058	30313927	49347
2059	30363274	4816
2060	30368090	25789
2061	30393879	35496
2062	30429375	37312
2063	30466687	8388
2064	30475075	5746
2065	30480821	31881
2066	30512702	34960
2067	30547662	4143
2068	30551805	15572
2069	30567377	1731
2070	30569108	29787
2071	30598895	6598
2072	30605493	28656
2073	30634149	8099
2074	30642248	8916
5858	90813868	11993
2076	30685044	54674
2077	30739718	35335
5529	83994999	11749
2079	30805318	9791
2080	30815109	5820
5280	78745474	12136
5857	90803634	10234
2083	30873171	24538
2084	30897709	14185
2085	30911894	12163
5267	78535515	13150
2087	30936383	9698
5328	79751471	11340
2089	30967492	28524
5320	79599341	19985
5856	90794231	9403
2092	31037496	17375
5301	79196291	11284
2094	31083325	15612
2095	31098937	49631
2096	31148568	47748
5286	78869256	35903
5281	78757610	26074
2099	31254719	17440
5531	84015324	26152
2101	31307495	26967
5270	78584305	11199
2103	31355813	45848
2104	31401661	24406
5266	78519105	16410
5263	78470968	18399
5855	90773781	20450
5262	78441253	29715
2109	31507749	7395
2110	31515144	10683
5254	78277206	15413
5252	78248011	12452
5854	90739879	33902
5248	78178954	8390
5247	78145392	33562
5246	78122456	22936
2117	31703497	27508
5853	90709072	30807
5228	77799545	25492
5222	77661078	21665
5852	90686342	22730
2122	31812294	35546
2123	31847840	28314
5851	90652640	33702
2125	31910827	34687
2126	31945514	59910
2127	32005424	13621
2128	32019045	16041
2129	32035086	45610
2130	32080696	22095
2131	32102791	26024
2132	32128815	13374
2133	32142189	17872
2134	32160061	11535
5478	82916109	16876
2136	32232344	47249
5476	82890616	1973
5240	78009861	8803
5239	77983033	26828
5238	77967779	15254
5208	77440744	10941
5475	82849552	41064
5241	78018664	10088
5236	77939031	5228
5235	77909048	29983
5234	77892739	16309
5233	77888850	3889
5232	77878819	10031
5231	77859309	19510
5230	77844657	14652
5229	77825037	19620
2152	32668950	20431
5227	77770231	29314
5527	83969019	10531
5195	77176196	22821
5185	77022669	19759
5582	85118045	11702
5207	77429591	11153
5850	90642017	10623
5224	77711387	19185
5256	78338212	18422
5578	85026364	24801
2163	32914405	5486
2164	32919891	28632
2165	32948523	14178
2166	32962701	12980
2167	32975681	5047
2168	32980728	20854
2169	33001582	12392
2170	33013974	39493
2171	33053467	11770
2172	33065237	28700
2173	33093937	27406
2174	33121343	39619
2175	33160962	37800
2176	33198762	26891
2177	33225653	52318
2178	33277971	10483
2179	33288454	20456
5206	77414332	15259
2181	33334934	43180
2182	33378114	5300
2183	33383414	29914
2184	33413328	12596
2185	33425924	42388
2186	33468312	5420
2187	33473732	26095
5765	88895518	22909
2189	33533936	6346
2190	33540282	33631
5205	77398111	16221
2192	33587287	15540
2193	33602827	7281
2194	33610108	30874
2195	33640982	15337
2196	33656319	16542
2197	33672861	37493
5849	90612614	29403
2199	33741810	48625
2200	33790435	29134
5848	90590641	21973
5204	77372805	25306
2203	33877982	30793
2204	33908775	19670
2205	33928445	14126
2206	33942571	3146
2207	33945717	6308
2208	33952025	3020
2209	33955045	6346
2210	33961391	6488
2211	33967879	6803
2212	33974682	2379
2213	33977061	5591
2214	33982652	2542
2215	33985194	6195
2216	33991389	877
2217	33992266	11997
2218	34004263	4600
2219	34008863	2661
2220	34011524	4043
2221	34015567	4465
2222	34020032	7075
2223	34027107	4468
2224	34031575	5041
2225	34036616	3701
2226	34040317	3366
2227	34043683	3181
2228	34046864	3106
2229	34049970	4865
2230	34054835	2458
2231	34057293	1308
2232	34058601	1181
2233	34059782	2547
2234	34062329	983
2235	34063312	996
2236	34064308	3973
2237	34068281	1095
2238	34069376	978
2239	34070354	701
2240	34071055	1707
2241	34072762	790
2242	34073552	1309
2243	34074861	1825
2244	34076686	1027
2245	34077713	1570
2246	34079283	962
2247	34080245	1124
2248	34081369	1376
2249	34082745	1825
2250	34084570	861
2251	34085431	1928
2252	34087359	2275
2253	34089634	1049
2254	34090683	788
2255	34091471	2774
2256	34094245	2311
2257	34096556	1197
2258	34097753	1096
2259	34098849	1358
2260	34100207	632
2261	34100839	772
2262	34101611	1803
2263	34103414	1454
2264	34104868	794
2265	34105662	1045
2266	34106707	1241
2267	34107948	1558
2268	34109506	1471
2269	34110977	1241
2270	34112218	1014
2271	34113232	1587
2272	34114819	879
2273	34115698	1514
2274	34117212	2680
2275	34119892	1341
2276	34121233	1605
2277	34122838	1134
2278	34123972	891
2279	34124863	1437
2280	34126300	812
2281	34127112	7899
2282	34135011	16171
2283	34151182	19555
2284	34170737	14639
2285	34185376	13896
2286	34199272	13364
2287	34212636	20720
2288	34233356	20176
2289	34253532	15166
2290	34268698	20602
2291	34289300	9978
2292	34299278	11166
2293	34310444	17050
2294	34327494	11931
2295	34339425	17120
2296	34356545	3182
2297	34359727	15868
2298	34375595	21772
2299	34397367	11728
2300	34409095	15878
2301	34424973	9992
2302	34434965	7173
2303	34442138	7574
2304	34449712	11106
2305	34460818	10420
2306	34471238	8119
2307	34479357	11363
2308	34490720	18341
2309	34509061	26975
2310	34536036	20315
2311	34556351	3479
2312	34559830	22847
2313	34582677	23473
2314	34606150	22333
2315	34628483	3480
2316	34631963	16728
2317	34648691	19261
2318	34667952	2187
5177	76916962	6102
2320	34678038	14675
2321	34692713	30801
2322	34723514	17747
2323	34741261	9997
2324	34751258	22299
2325	34773557	8600
5175	76910075	1855
2327	34798328	30914
2328	34829242	15730
2329	34844972	25764
2330	34870736	13445
2331	34884181	15494
5173	76906387	1873
5171	76887241	15929
2334	34933869	13292
2335	34947161	16159
2336	34963320	9249
2337	34972569	11741
2338	34984310	14292
2339	34998602	14184
2340	35012786	9188
2341	35021974	10386
2342	35032360	17531
2343	35049891	9428
2344	35059319	9094
2345	35068413	16483
2346	35084896	14612
2347	35099508	10868
2348	35110376	10945
2349	35121321	7088
2350	35128409	9140
2351	35137549	14059
2352	35151608	13655
2353	35165263	5812
2354	35171075	6751
2355	35177826	17906
2356	35195732	16788
2357	35212520	16782
2358	35229302	16810
2359	35246112	9300
2360	35255412	14427
2361	35269839	8787
2362	35278626	18774
2363	35297400	10020
2364	35307420	16185
2365	35323605	14121
2366	35337726	13259
2367	35350985	9514
2368	35360499	11669
2369	35372168	14336
2370	35386504	14837
2371	35401341	17938
2372	35419279	6303
5155	76577241	48458
2374	35447354	13597
2375	35460951	22568
2376	35483519	21212
2377	35504731	20275
2378	35525006	12910
2379	35537916	15260
2380	35553176	9219
2381	35562395	13218
2382	35575613	12656
2383	35588269	13377
2384	35601646	10674
2385	35612320	1336
2386	35613656	1168
2387	35614824	1054
2388	35615878	1236
2389	35617114	17487
2390	35634601	1521
2391	35636122	14642
2392	35650764	12075
2393	35662839	14380
2394	35677219	11908
2395	35689127	7680
2396	35696807	13255
2397	35710062	8856
2398	35718918	15874
2399	35734792	12768
2400	35747560	1232
2401	35748792	1590
2402	35750382	1033
2403	35751415	1538
2404	35752953	1532
2405	35754485	1131
2406	35755616	1385
2407	35757001	13021
2408	35770022	14536
2409	35784558	11238
2410	35795796	13225
2411	35809021	14310
2412	35823331	12789
2413	35836120	11966
2414	35848086	15819
2415	35863905	13489
2416	35877394	11527
2417	35888921	11730
2418	35900651	14519
2419	35915170	1959
2420	35917129	1191
2421	35918320	1423
2422	35919743	1515
2423	35921258	1389
2424	35922647	1472
2425	35924119	13669
2426	35937788	13667
2427	35951455	12407
2428	35963862	14728
2429	35978590	15246
2430	35993836	14215
2431	36008051	14756
2432	36022807	11320
2433	36034127	11864
2434	36045991	9986
2435	36055977	13474
2436	36069451	17169
2437	36086620	1414
2438	36088034	1497
2439	36089531	1169
2440	36090700	1881
2441	36092581	1399
2442	36093980	1134
2443	36095114	1132
2444	36096246	1563
2445	36097809	1233
2446	36099042	15643
2447	36114685	13992
2448	36128677	8535
2449	36137212	12032
2450	36149244	11911
2451	36161155	10049
2452	36171204	17429
2453	36188633	12630
2454	36201263	10003
2455	36211266	16278
2456	36227544	14880
2457	36242424	1292
2458	36243716	1415
2459	36245131	1741
2460	36246872	970
2461	36247842	703
2462	36248545	1160
2463	36249705	1392
2464	36251097	1392
2465	36252489	15113
2466	36267602	16480
2467	36284082	9548
2468	36293630	16309
2469	36309939	14340
2470	36324279	15501
2471	36339780	11690
2472	36351470	296
2473	36351766	20626
2474	36372392	18065
2475	36390457	15290
2476	36405747	16246
2477	36421993	17014
2478	36439007	12041
2479	36451048	11991
2480	36463039	11810
2481	36474849	14283
2482	36489132	10385
2483	36499517	10668
2484	36510185	6829
2485	36517014	13384
2486	36530398	1320
2487	36531718	1461
2488	36533179	1172
2489	36534351	13264
2490	36547615	15907
2491	36563522	12031
2492	36575553	10168
2493	36585721	10868
2494	36596589	5965
2495	36602554	20006
2496	36622560	15696
2497	36638256	10606
2498	36648862	13598
2499	36662460	14071
2500	36676531	1566
2501	36678097	1382
2502	36679479	1422
2503	36680901	1528
2504	36682429	1294
2505	36683723	13614
2506	36697337	14069
2507	36711406	10195
2508	36721601	10479
2509	36732080	16734
2510	36748814	8002
2511	36756816	11778
2512	36768594	17842
2513	36786436	12616
2514	36799052	14777
2515	36813829	16645
2516	36830474	15188
2517	36845662	13853
2518	36859515	13668
2519	36873183	23463
2520	36896646	13009
2521	36909655	13096
2522	36922751	14054
2523	36936805	10780
2524	36947585	10283
2525	36957868	16377
2526	36974245	13378
2527	36987623	9636
2528	36997259	16458
2529	37013717	14107
2530	37027824	15267
2531	37043091	12350
2532	37055441	11226
2533	37066667	13714
2534	37080381	15316
2535	37095697	9127
2536	37104824	13033
2537	37117857	11367
2538	37129224	6783
2539	37136007	6437
2540	37142444	3169
2541	37145613	3702
2542	37149315	11144
2543	37160459	10052
2544	37170511	6627
2545	37177138	12773
2546	37189911	10306
2547	37200217	5230
2548	37205447	7551
2549	37212998	5993
2550	37218991	7207
2551	37226198	8415
2552	37234613	6178
2553	37240791	14704
2554	37255495	9806
2555	37265301	13621
2556	37278922	10140
2557	37289062	4617
2558	37293679	17751
2559	37311430	20151
2560	37331581	19252
2561	37350833	6208
2562	37357041	16361
2563	37373402	14444
2564	37387846	15854
2565	37403700	7476
2566	37411176	12367
2567	37423543	11707
2568	37435250	10758
2569	37446008	8466
2570	37454474	11526
2571	37466000	17137
2572	37483137	4769
2573	37487906	13845
2574	37501751	6772
2575	37508523	18982
2576	37527505	10135
2577	37537640	8692
2578	37546332	10723
2579	37557055	8868
2580	37565923	8521
2581	37574444	14005
2582	37588449	8478
2583	37596927	14948
2584	37611875	10014
2585	37621889	9501
2586	37631390	8565
2587	37639955	16267
2588	37656222	7490
2589	37663712	11299
2590	37675011	6918
2591	37681929	8646
2592	37690575	7685
2593	37698260	2498
2594	37700758	892
2595	37701650	12920
2596	37714570	7721
2597	37722291	8216
2598	37730507	10788
2599	37741295	10399
2600	37751694	11938
2601	37763632	12956
2602	37776588	13350
2603	37789938	13932
2604	37803870	15346
2605	37819216	11975
2606	37831191	10492
2607	37841683	18253
2608	37859936	17964
2609	37877900	11602
2610	37889502	13821
2611	37903323	11236
2612	37914559	8355
2613	37922914	10705
2614	37933619	13639
2615	37947258	27670
2616	37974928	7366
2617	37982294	12525
2618	37994819	10488
2619	38005307	18790
2620	38024097	23913
2621	38048010	22817
2622	38070827	13664
2623	38084491	13164
2624	38097655	11014
2625	38108669	12431
2626	38121100	12838
2627	38133938	15280
2628	38149218	5195
2629	38154413	11995
2630	38166408	17333
2631	38183741	13883
2632	38197624	13521
2633	38211145	18474
2634	38229619	19865
2635	38249484	12216
2636	38261700	8749
2637	38270449	10668
2638	38281117	15692
2639	38296809	17073
2640	38313882	19569
2641	38333451	13907
2642	38347358	11749
2643	38359107	16518
2644	38375625	14771
2645	38390396	10449
2646	38400845	12320
2647	38413165	2235
2648	38415400	14293
2649	38429693	14575
2650	38444268	13060
2651	38457328	16806
2652	38474134	18264
2653	38492398	13538
2654	38505936	13441
2655	38519377	11998
2656	38531375	17706
2657	38549081	20264
2658	38569345	19634
2659	38588979	13006
2660	38601985	17750
2661	38619735	19541
2662	38639276	11564
2663	38650840	16964
2664	38667804	10931
2665	38678735	9683
2666	38688418	9999
2667	38698417	10187
2668	38708604	13999
2669	38722603	15525
2670	38738128	15633
2671	38753761	17427
2672	38771188	10952
2673	38782140	19642
2674	38801782	10470
2675	38812252	15026
2676	38827278	12484
2677	38839762	8685
2678	38848447	25383
2679	38873830	26052
2680	38899882	18413
2681	38918295	34955
2682	38953250	31052
2683	38984302	20876
2684	39005178	12679
2685	39017857	15161
2686	39033018	14213
2687	39047231	17714
2688	39064945	10681
2689	39075626	12045
2690	39087671	13809
2691	39101480	14620
2692	39116100	10745
2693	39126845	11675
2694	39138520	10071
2695	39148591	13406
2696	39161997	10578
2697	39172575	18120
2698	39190695	12972
2699	39203667	13631
2700	39217298	16565
2701	39233863	14653
2702	39248516	15740
2703	39264256	18226
2704	39282482	4480
2705	39286962	7420
2706	39294382	13269
2707	39307651	14660
2708	39322311	17207
2709	39339518	14949
2710	39354467	10102
2711	39364569	23998
2712	39388567	18463
2713	39407030	15632
2714	39422662	13258
2715	39435920	12193
2716	39448113	7339
2717	39455452	8953
2718	39464405	12866
2719	39477271	18292
2720	39495563	11811
2721	39507374	10904
2722	39518278	15849
2723	39534127	14830
2724	39548957	21652
2725	39570609	16360
2726	39586969	13995
2727	39600964	10683
2728	39611647	9260
2729	39620907	18670
2730	39639577	14164
2731	39653741	14088
2732	39667829	10332
2733	39678161	13391
2734	39691552	18633
2735	39710185	12279
2736	39722464	16909
2737	39739373	14141
2738	39753514	16609
2739	39770123	8155
2740	39778278	6529
2741	39784807	18307
2742	39803114	17464
2743	39820578	13287
2744	39833865	18644
2745	39852509	15493
2746	39868002	12891
2747	39880893	14544
2748	39895437	14581
2749	39910018	14465
2750	39924483	10139
2751	39934622	23578
5127	75861754	23766
2753	39971492	12695
2754	39984187	7036
2755	39991223	13017
2756	40004240	13600
2757	40017840	15001
2758	40032841	27619
2759	40060460	12638
2760	40073098	18352
2761	40091450	19369
2762	40110819	20965
2763	40131784	8958
2764	40140742	12188
4956	71991772	19874
5210	77473264	13541
5300	79170296	25995
5279	78722702	22772
2769	40212310	9543
2770	40221853	26413
5255	78292619	45593
2772	40272179	19521
2773	40291700	21692
2774	40313392	12914
2775	40326306	11310
2776	40337616	16343
2777	40353959	14129
2778	40368088	8540
2779	40376628	9476
2780	40386104	38949
2781	40425053	6731
2782	40431784	2432
2783	40434216	3544
2784	40437760	4081
2785	40441841	4324
2786	40446165	2166
2787	40448331	3780
2788	40452111	2503
2789	40454614	2729
2790	40457343	3901
2791	40461244	3366
2792	40464610	3194
2793	40467804	4299
2794	40472103	4277
2795	40476380	4649
2796	40481029	3045
2797	40484074	12051
2798	40496125	6106
2799	40502231	1340
2800	40503571	1359
2801	40504930	3001
2802	40507931	3807
2803	40511738	10563
2804	40522301	3795
2805	40526096	4414
2806	40530510	2611
2807	40533121	2789
2808	40535910	3756
2809	40539666	3366
2810	40543032	6672
2811	40549704	13598
2812	40563302	8280
2813	40571582	11818
2814	40583400	15024
2815	40598424	10000
2816	40608424	11151
2817	40619575	11097
2818	40630672	24512
2819	40655184	2602
2820	40657786	1466
2821	40659252	1320
2822	40660572	1161
4831	69422345	22380
2824	40663040	12806
2825	40675846	16801
2826	40692647	25446
2827	40718093	13447
2828	40731540	13478
2829	40745018	9656
2830	40754674	22499
2831	40777173	8029
2832	40785202	3129
2833	40788331	1490
2834	40789821	16732
2835	40806553	13729
2836	40820282	16235
2837	40836517	15800
2838	40852317	15400
2839	40867717	15982
2840	40883699	13057
2841	40896756	12180
2842	40908936	10932
2843	40919868	12338
2844	40932206	10088
2845	40942294	13781
2846	40956075	13997
2847	40970072	15631
2848	40985703	300
2849	40986003	14256
2850	41000259	18303
2851	41018562	15904
2852	41034466	2579
2853	41037045	21572
2854	41058617	10750
2855	41069367	16047
2856	41085414	14955
2857	41100369	14615
2858	41114984	12546
2859	41127530	12847
2860	41140377	10265
2861	41150642	25085
2862	41175727	21646
2863	41197373	8356
2864	41205729	13082
2865	41218811	14009
5538	84223610	16145
2867	41249338	16870
2868	41266208	10910
2869	41277118	7425
2870	41284543	9813
2871	41294356	11341
2872	41305697	16619
2873	41322316	15561
2874	41337877	13999
2875	41351876	18973
2876	41370849	11845
2877	41382694	19809
2878	41402503	16158
2879	41418661	17304
2880	41435965	17668
2881	41453633	16603
2882	41470236	16456
2883	41486692	16168
2884	41502860	13967
2885	41516827	8845
2886	41525672	16577
2887	41542249	15352
2888	41557601	15955
2889	41573556	5038
5592	85315966	6883
2891	41588593	24003
2892	41612596	11885
4925	71440468	26622
5752	88640258	34510
5565	84764808	14966
5483	82995428	16276
4917	71296717	14921
2898	41703660	24316
2899	41727976	15242
2900	41743218	11247
4912	71209629	17368
5562	84715406	14475
2903	41788533	37288
2904	41825821	19941
2905	41845762	25933
2906	41871695	28108
2907	41899803	18059
2908	41917862	24228
2909	41942090	10720
2910	41952810	11165
2911	41963975	14040
2912	41978015	14765
2913	41992780	11394
2914	42004174	12240
2915	42016414	11805
2916	42028219	14569
2917	42042788	12536
2918	42055324	16339
2919	42071663	11641
2920	42083304	9728
2921	42093032	11594
2922	42104626	18909
2923	42123535	13768
5561	84696932	18474
2925	42153868	19445
2926	42173313	12281
2927	42185594	19697
2928	42205291	14744
2929	42220035	12318
2930	42232353	9691
2931	42242044	19225
4909	71166096	1071
4908	71148652	17444
4907	71127362	21290
4906	71114130	13232
5841	90398990	63740
5559	84668986	10012
4903	71045795	22577
4902	71030364	15431
4901	71021784	8580
5558	84639014	29972
5729	88186231	27643
5557	84618717	20297
5551	84501215	21641
5550	84496020	5195
5556	84600184	18533
5555	84577551	22633
5554	84568294	9257
4892	70861895	34930
4891	70846636	15259
4890	70829007	17629
4889	70819053	9954
4888	70804449	14604
4887	70786923	17526
5552	84522856	4878
4885	70732826	23327
4884	70680339	52487
4883	70655520	24819
2959	42649143	14799
2960	42663942	15306
2961	42679248	13758
2962	42693006	12918
2963	42705924	10750
2964	42716674	17935
2965	42734609	20217
2966	42754826	12405
2967	42767231	17692
4882	70638111	17409
2969	42800416	13254
2970	42813670	15317
2971	42828987	12775
2972	42841762	14251
2973	42856013	9921
2974	42865934	9793
2975	42875727	21792
5126	75843798	17956
5125	75808025	35773
5124	75774336	33689
5123	75755233	19103
5122	75723725	31508
5121	75670236	53489
5120	75643705	26531
5119	75613537	30168
5118	75579172	34365
5117	75550136	29036
5116	75535855	14281
5115	75510449	25406
5114	75493894	16555
5113	75465614	28280
5112	75446949	18665
5111	75416836	30113
2992	43064764	16138
2993	43080902	15354
2994	43096256	14919
2995	43111175	10432
2996	43121607	11489
5110	75381802	35034
5109	75344180	37622
5108	75307999	36181
5107	75284331	23668
5106	75267943	16388
5105	75233975	33968
5104	75184861	49114
5553	84527734	40560
5102	75133763	17379
5101	75123281	10482
5100	75099539	23742
5099	75080042	19497
5098	75065569	14473
5097	75044187	21382
5096	75022740	21447
5095	75010184	12556
5094	74969306	40878
5093	74961098	8208
5092	74928438	32660
5091	74901461	26977
5090	74866440	35021
5089	74850147	16293
5088	74829388	20759
5087	74820012	9376
5086	74796194	23818
5085	74787631	8563
5084	74768818	18813
3024	43357547	1368
3025	43358915	14643
3026	43373558	15411
3027	43388969	12413
3028	43401382	15193
3029	43416575	12399
3030	43428974	11340
3031	43440314	13501
3032	43453815	13207
3033	43467022	11648
3034	43478670	13255
5083	74752370	16448
3036	43502803	11602
5082	74733071	19299
5081	74713990	19081
5080	74695436	18554
5079	74671659	23777
5078	74645440	26219
5077	74630933	14507
5076	74608387	22546
5075	74571738	36649
5074	74557712	14026
5073	74530745	26967
5072	74502584	28161
5071	74486316	16268
5070	74480715	5601
5069	74460796	19919
5068	74433195	27601
5067	74410917	22278
5066	74383620	27297
5065	74370569	13051
5064	74350490	20079
5063	74329536	20954
5062	74313739	15797
5061	74285320	28419
5060	74270235	15085
5059	74255432	14803
5058	74228522	26910
5057	74209066	19456
5056	74192219	16847
5055	74165008	27211
5054	74156159	8849
5053	74124186	31973
5052	74095366	28820
4770	68207902	26104
5050	74006661	29020
5049	73988325	18336
5048	73978108	10217
5047	73952196	25912
5046	73927176	25020
5045	73907849	19327
5489	83155920	7917
5043	73875125	16743
5220	77627959	13169
5041	73848492	14181
5040	73832410	16082
3080	43890824	14196
3081	43905020	14028
3082	43919048	12293
5039	73802968	29442
5038	73790686	12282
5037	73782234	8452
5216	77566010	13603
5035	73735983	37861
5212	77498992	20297
5033	73692411	20636
5032	73648693	43718
5031	73636105	12588
5030	73628665	7440
4827	69371759	10766
5028	73579657	26628
4786	68582454	20568
5026	73527948	17386
5025	73519424	8524
5024	73474854	44570
5023	73456552	18302
5022	73436760	19792
5021	73417852	18908
5020	73403303	14549
5019	73392212	11091
5018	73365926	26286
5017	73343428	22498
5535	84128494	34500
5194	77163015	13181
5201	77319239	16140
5199	77267201	25996
5197	77226784	16079
5533	84059933	16880
3112	44199025	8997
3113	44208022	12467
3114	44220489	13200
3115	44233689	9920
5192	77140234	9885
3117	44258797	18657
3118	44277454	11745
3119	44289199	13434
3120	44302633	20486
3121	44323119	13518
3122	44336637	13014
3123	44349651	14666
3124	44364317	17031
3125	44381348	21505
3126	44402853	13948
3127	44416801	10452
3128	44427253	13565
3129	44440818	14075
3130	44454893	11599
3131	44466492	12760
5190	77109218	14204
3133	44491602	15653
3134	44507255	12240
3135	44519495	16956
3136	44536451	7446
4880	70543293	60806
4878	70495109	36289
4876	70453330	25492
4874	70420979	15137
4872	70352305	27619
4870	70312533	16722
5504	83403500	22002
5501	83335773	17653
5499	83299885	15143
5497	83273145	16211
5258	78376597	12524
5492	83192245	19639
5488	83122222	33698
5508	83512792	19930
4761	68004604	17818
4767	68096589	38121
4729	67261336	16249
3154	44614969	1155
4846	69762879	17604
3156	44617220	1967
3157	44619187	3787
3158	44622974	3923
3159	44626897	4306
3160	44631203	4426
4844	69711929	19670
3162	44640043	2424
3163	44642467	2202
3164	44644669	2667
3165	44647336	3417
3166	44650753	15046
4841	69645987	37867
4840	69641922	4065
4839	69609226	32696
4838	69594458	14768
4738	67472906	7623
4739	67480529	25119
4740	67505648	24141
4741	67529789	40720
4785	68553618	28836
4742	67570509	18475
4743	67588984	15374
4737	67453572	19334
4744	67604358	19522
4826	69360688	11071
4736	67435573	17999
4824	69307727	41870
4735	67416634	18939
4822	69249581	35648
4821	69222283	27298
4820	69179312	42971
4819	69148644	30668
4818	69124837	23807
4817	69117578	7259
3190	44905916	1762
3191	44907678	13891
3192	44921569	15549
3193	44937118	12653
3194	44949771	13805
4816	69104134	13444
4815	69096555	7579
4814	69086623	9932
4813	69076683	9940
4812	69050702	25981
4811	68998777	51925
4810	68967385	31392
4809	68950607	16778
4808	68938311	12296
4807	68934494	3817
4806	68928955	5539
4805	68905289	23666
4804	68893719	11570
4803	68873864	19855
3209	45132904	15712
3210	45148616	13814
3211	45162430	14444
3212	45176874	10680
3213	45187554	15004
3214	45202558	5221
3215	45207779	18512
3216	45226291	12206
3217	45238497	13256
3218	45251753	13225
3219	45264978	14837
3220	45279815	21550
5157	76638294	12603
3222	45304547	19684
3223	45324231	18383
3224	45342614	9119
3225	45351733	8270
3226	45360003	9794
3227	45369797	1955
3228	45371752	12655
3229	45384407	15136
3230	45399543	16970
3231	45416513	12822
3232	45429335	5454
5169	76875634	5993
5154	76557038	20203
3235	45470457	6995
3236	45477452	22449
3237	45499901	18612
3238	45518513	16364
5153	76533649	23389
5152	76514712	18937
5151	76494303	20409
5150	76472326	21977
5149	76451565	20761
5148	76437689	13876
5147	76430069	7620
5146	76407304	22765
5145	76391608	15696
5144	76358780	32828
5143	76339283	19497
5142	76332673	6610
5141	76305026	27647
5140	76292784	12242
5139	76285870	6914
5176	76911930	5032
5138	76269115	16755
5137	76234238	34877
5136	76182113	52125
4771	68234006	45652
5134	76082101	54181
5133	76024119	57982
5174	76908260	1815
5132	76000951	23168
5131	75981805	19146
5130	75961991	19814
5129	75919303	42688
5128	75885520	33783
5172	76903170	3217
5170	76881627	5614
3269	46019034	1010
3270	46020044	2979
3271	46023023	2467
3272	46025490	2573
3273	46028063	4357
3274	46032420	2524
3275	46034944	4828
3276	46039772	11127
3277	46050899	1545
3278	46052444	5608
3279	46058052	2776
3280	46060828	3520
3281	46064348	3191
3282	46067539	4799
3283	46072338	11782
3284	46084120	2936
3285	46087056	1438
3286	46088494	2456
3287	46090950	2235
3288	46093185	2313
3289	46095498	2086
3290	46097584	6012
3291	46103596	2122
3292	46105718	2231
3293	46107949	1298
3294	46109247	1491
3295	46110738	2460
3296	46113198	4922
3297	46118120	771
3298	46118891	1111
3299	46120002	1097
3300	46121099	1244
3301	46122343	2078
3302	46124421	811
3303	46125232	1409
3304	46126641	1488
3305	46128129	1155
3306	46129284	1319
3307	46130603	1705
3308	46132308	1438
3309	46133746	1035
3310	46134781	1825
3311	46136606	2527
3312	46139133	4544
3313	46143677	939
3314	46144616	652
3315	46145268	1523
3316	46146791	1024
3317	46147815	2886
3318	46150701	1567
4700	66556322	25346
3320	46154346	1917
3321	46156263	9192
3322	46165455	6805
3323	46172260	8205
5189	77098057	11161
5188	77075926	22131
5187	77056799	19127
5186	77042428	14371
5184	77013311	9358
5183	77003892	9419
5211	77486805	12187
5182	76994800	9092
5000	73029282	19913
5583	85129747	17252
5180	76955352	24254
4997	72963884	26467
5209	77451685	21579
5298	79130341	25039
5278	78707738	14964
4993	72892039	8929
4992	72866076	25963
4991	72817789	48287
4879	70531398	11895
4877	70478822	16287
4875	70436116	17214
5503	83374573	28927
4871	70329255	23050
4869	70281762	30771
5502	83353426	21147
5500	83315028	20745
5498	83289356	10529
5260	78408413	15527
5493	83211884	15542
5491	83169989	22256
5487	83093834	28388
4727	67207856	28097
4851	69853499	10893
4849	69826547	9347
4847	69780483	33302
4726	67191887	15969
4845	69731599	31280
4725	67169787	22100
4724	67158487	11300
4723	67116431	42056
4722	67080985	35446
4721	67061036	19949
4758	67969082	1563
4720	67035511	25525
4719	67007482	28029
4718	66981654	25828
4717	66946389	35265
4842	69683854	13979
5168	76864534	11100
5167	76839679	24855
5166	76813836	25843
5165	76796956	16880
5164	76785630	11326
3377	46543132	7310
5163	76754458	31172
5162	76721886	32572
5161	76698978	22908
5160	76679673	19305
5159	76666602	13071
5158	76650897	15705
5156	76625699	12595
4708	66737212	20891
4707	66726633	10579
4706	66711036	15597
4705	66685664	25372
4704	66663368	22296
4703	66633531	29837
4702	66612028	21503
4701	66581668	30360
3393	46736467	17108
3394	46753575	5169
4881	70604099	34012
4802	68837243	36621
4801	68822437	14806
4716	66929032	17357
4715	66901797	27235
4714	66887628	14169
4713	66852031	35597
4796	68734391	12868
4712	66831710	20321
4794	68721875	2576
4768	68134710	40416
5490	83163837	6152
4766	68069053	27536
4693	66295364	29009
4950	71912919	11999
4763	68026077	18723
4788	68626695	16496
4709	66758103	22310
5574	84961109	23187
5618	85861127	26184
5573	84939748	21361
5617	85840930	20197
5572	84913055	26693
5616	85820397	20533
5571	84895421	17634
5615	85792347	28050
5570	84866208	29213
4940	71721963	26011
4939	71712296	9667
4938	71703959	8337
4937	71693929	10030
4936	71675484	18445
4935	71652070	23414
4934	71643279	8791
4933	71621649	21630
4932	71609617	12032
4931	71583658	25959
5569	84847747	18461
5568	84821510	26237
5590	85261092	41095
5567	84800204	21306
5566	84779774	20430
5586	85193399	20607
5560	84678998	17934
5179	76936449	18903
4916	71281552	15165
5564	84749563	15245
5585	85174916	18483
5563	84729881	19682
3444	47468737	9088
3445	47477825	2211
4782	68487665	31516
4781	68466724	20941
4780	68451778	14946
4779	68439685	12093
4778	68424095	15590
4777	68401486	22609
4776	68381159	20327
4775	68371942	9217
4774	68356366	15576
4773	68326867	29499
3456	47684283	13462
3457	47697745	17765
3458	47715510	11157
3459	47726667	13642
4772	68279658	47209
4978	72480070	39369
4977	72444942	35128
4976	72430877	14065
5539	84239755	17129
5540	84256884	22158
5541	84279042	20838
5543	84343453	18757
5544	84362210	23385
5545	84385595	17883
5546	84403478	21487
5547	84424965	18784
5548	84443749	18220
4966	72220911	11145
4965	72205618	15293
4710	66780413	19573
4963	72148824	26954
4962	72128970	19854
4961	72101733	27237
3479	47942978	8548
3480	47951526	3657
4960	72080325	21408
4734	67395343	21291
3483	47968133	3654
3484	47971787	7882
4959	72071559	8766
4958	72038359	33200
4957	72011646	26713
4696	66412719	32175
4733	67371599	23744
4988	72738073	23698
4711	66799986	31724
5178	76923064	13385
4985	72683159	16898
4984	72663063	20096
4983	72639674	23389
4732	67316199	55400
4981	72605305	9865
4980	72583179	22126
3499	48152116	14651
3500	48166767	13062
3501	48179829	22826
3502	48202655	23811
3503	48226466	32655
3504	48259121	14290
3505	48273411	20287
3506	48293698	16644
3507	48310342	26080
3508	48336422	21495
3509	48357917	2824
3510	48360741	17743
3511	48378484	16246
3512	48394730	21311
3513	48416041	17379
3514	48433420	22262
3515	48455682	17321
3516	48473003	20095
3517	48493098	21747
3518	48514845	15840
3519	48530685	22920
3520	48553605	6509
3521	48560114	16167
3522	48576281	11884
3523	48588165	15972
3524	48604137	12192
3525	48616329	28982
3526	48645311	51334
3527	48696645	16409
3528	48713054	31425
3529	48744479	28232
3530	48772711	23048
3531	48795759	14780
3532	48810539	20684
3533	48831223	16479
3534	48847702	24613
3535	48872315	19897
3536	48892212	20799
3537	48913011	23987
3538	48936998	24154
3539	48961152	10033
3540	48971185	9941
3541	48981126	17381
3542	48998507	22442
3543	49020949	14226
3544	49035175	32751
3545	49067926	21969
3546	49089895	21466
3547	49111361	25513
3548	49136874	16810
3549	49153684	22717
3550	49176401	20531
3551	49196932	15377
3552	49212309	44336
3553	49256645	34877
3554	49291522	19149
3555	49310671	20541
3556	49331212	26236
3557	49357448	21104
3558	49378552	16482
3559	49395034	11261
3560	49406295	19654
3561	49425949	21906
3562	49447855	18428
3563	49466283	15078
3564	49481361	14814
3565	49496175	20662
3566	49516837	22110
3567	49538947	17040
3568	49555987	23807
3569	49579794	17471
3570	49597265	21337
3571	49618602	13951
3572	49632553	14210
3573	49646763	42504
3574	49689267	24867
3575	49714134	13779
3576	49727913	33670
3577	49761583	17394
3578	49778977	12497
3579	49791474	16663
3580	49808137	15198
3581	49823335	17038
3582	49840373	15349
3583	49855722	34285
3584	49890007	19832
3585	49909839	17737
3586	49927576	23946
3587	49951522	11362
3588	49962884	14558
3589	49977442	44500
3590	50021942	22511
3591	50044453	41658
3592	50086111	11764
3593	50097875	20425
3594	50118300	10455
3595	50128755	45956
3596	50174711	13239
3597	50187950	3964
3598	50191914	8682
3599	50200596	5733
3600	50206329	10514
3601	50216843	12445
3602	50229288	11716
3603	50241004	24793
3604	50265797	16101
3605	50281898	7435
3606	50289333	13348
3607	50302681	41598
3608	50344279	16455
3609	50360734	22235
3610	50382969	21849
3611	50404818	16318
3612	50421136	18701
3613	50439837	16069
3614	50455906	20700
3615	50476606	9777
3616	50486383	17385
3617	50503768	21037
3618	50524805	9433
3619	50534238	12043
3620	50546281	14877
3621	50561158	18200
3622	50579358	19619
3623	50598977	15580
3624	50614557	20605
3625	50635162	16237
3626	50651399	14678
3627	50666077	37599
3628	50703676	21158
3629	50724834	19934
3630	50744768	8948
3631	50753716	23860
3632	50777576	18786
3633	50796362	22402
3634	50818764	24285
3635	50843049	12226
3636	50855275	18878
3637	50874153	18240
3638	50892393	8525
3639	50900918	17701
3640	50918619	4643
3641	50923262	15388
3642	50938650	11728
3643	50950378	12893
3644	50963271	19131
3645	50982402	39047
3646	51021449	22318
3647	51043767	19787
5994	93614539	21313
3649	51078775	13533
3650	51092308	28350
3651	51120658	6565
3652	51127223	10704
3653	51137927	22943
3654	51160870	12849
3655	51173719	16519
3656	51190238	17353
3657	51207591	26841
3658	51234432	25235
3659	51259667	21265
3660	51280932	19915
3661	51300847	24686
3662	51325533	13195
3663	51338728	16993
3664	51355721	10721
4685	66160499	5929
3666	51381591	16865
3667	51398456	21510
3668	51419966	27625
3669	51447591	14514
3670	51462105	12137
3671	51474242	33802
3672	51508044	22239
3673	51530283	17575
3674	51547858	19219
3675	51567077	20619
3676	51587696	16666
3677	51604362	19768
3678	51624130	19328
3679	51643458	16051
3680	51659509	16024
3681	51675533	12002
3682	51687535	11940
3683	51699475	17360
3684	51716835	16386
3685	51733221	14310
3686	51747531	25213
3687	51772744	26513
3688	51799257	17224
3689	51816481	12372
3690	51828853	25251
3691	51854104	26769
3692	51880873	11577
3693	51892450	20902
3694	51913352	33278
3695	51946630	10805
3696	51957435	56352
3697	52013787	5347
3698	52019134	12128
3699	52031262	3260
3700	52034522	20335
3701	52054857	18130
3702	52072987	27639
3703	52100626	16680
3704	52117306	35438
3705	52152744	20057
3706	52172801	17159
3707	52189960	24821
3708	52214781	14569
3709	52229350	10602
3710	52239952	41258
3711	52281210	17406
3712	52298616	14284
3713	52312900	6547
3714	52319447	16791
3715	52336238	10262
3716	52346500	17101
3717	52363601	29717
3718	52393318	23107
3719	52416425	17780
3720	52434205	30725
3721	52464930	13163
3722	52478093	17361
3723	52495454	24391
3724	52519845	18339
3725	52538184	27938
3726	52566122	14748
3727	52580870	25362
3728	52606232	18852
3729	52625084	11975
3730	52637059	26296
3731	52663355	22854
3732	52686209	13711
3733	52699920	19239
3734	52719159	20822
3735	52739981	15909
3736	52755890	26883
3737	52782773	22976
5847	90562710	27931
3739	52830034	26996
3740	52857030	16140
3741	52873170	14157
3742	52887327	20890
3743	52908217	15178
3744	52923395	19736
3745	52943131	32320
3746	52975451	10799
3747	52986250	20714
3748	53006964	21344
3749	53028308	17134
3750	53045442	14247
3751	53059689	12541
3752	53072230	21473
3753	53093703	40228
3754	53133931	11570
3755	53145501	17409
3756	53162910	16425
3757	53179335	9795
3758	53189130	33790
3759	53222920	17258
3760	53240178	23443
3761	53263621	15385
3762	53279006	6211
3763	53285217	18708
3764	53303925	11370
3765	53315295	13986
3766	53329281	2808
3767	53332089	14358
3768	53346447	14996
3769	53361443	23430
3770	53384873	13001
3771	53397874	19878
3772	53417752	16153
3773	53433905	10772
3774	53444677	16143
3775	53460820	22903
3776	53483723	19092
3777	53502815	17804
3778	53520619	24954
3779	53545573	11833
3780	53557406	26777
3781	53584183	6238
3782	53590421	24724
3783	53615145	16664
3784	53631809	8933
3785	53640742	21716
3786	53662458	21087
3787	53683545	23582
3788	53707127	22159
3789	53729286	36023
3790	53765309	25225
3791	53790534	19722
3792	53810256	13189
3793	53823445	41095
3794	53864540	16091
3795	53880631	32067
3796	53912698	12826
3797	53925524	22963
3798	53948487	17702
3799	53966189	15280
3800	53981469	13926
3801	53995395	14099
3802	54009494	13071
3803	54022565	18370
3804	54040935	9722
3805	54050657	7897
3806	54058554	10047
3807	54068601	19592
3808	54088193	52893
3809	54141086	18225
3810	54159311	17646
3811	54176957	10899
3812	54187856	23073
3813	54210929	29337
3814	54240266	27704
3815	54267970	58852
3816	54326822	14208
3817	54341030	15411
3818	54356441	16521
3819	54372962	13504
3820	54386466	20276
5993	93593640	20899
3822	54425823	10346
3823	54436169	11034
3824	54447203	6418
3825	54453621	25180
3826	54478801	18119
3827	54496920	22268
3828	54519188	37846
3829	54557034	22414
3830	54579448	32561
3831	54612009	26906
3832	54638915	35443
3833	54674358	34061
3834	54708419	18743
3835	54727162	14701
3836	54741863	21180
3837	54763043	13849
3838	54776892	9472
3839	54786364	23299
3840	54809663	39570
3841	54849233	22036
3842	54871269	32378
3843	54903647	23122
3844	54926769	26682
3845	54953451	17991
3846	54971442	5220
3847	54976662	28270
3848	55004932	28566
3849	55033498	12315
3850	55045813	20031
3851	55065844	17603
3852	55083447	14829
3853	55098276	34199
3854	55132475	13380
3855	55145855	16596
3856	55162451	20398
3857	55182849	13613
3858	55196462	31482
3859	55227944	12978
3860	55240922	52346
3861	55293268	19040
3862	55312308	34574
3863	55346882	17404
3864	55364286	6875
3865	55371161	20387
3866	55391548	21246
3867	55412794	34970
3868	55447764	23742
3869	55471506	30116
3870	55501622	15377
3871	55516999	15697
3872	55532696	18933
3873	55551629	20371
3874	55572000	31974
3875	55603974	26328
3876	55630302	30526
3877	55660828	13626
3878	55674454	19044
3879	55693498	11865
3880	55705363	21820
3881	55727183	40978
3882	55768161	12091
3883	55780252	33603
3884	55813855	28863
3885	55842718	22735
3886	55865453	30970
3887	55896423	47888
3888	55944311	25831
3889	55970142	15627
3890	55985769	6108
3891	55991877	11269
3892	56003146	9373
3893	56012519	6294
3894	56018813	3899
3895	56022712	5751
3896	56028463	4043
3897	56032506	7225
3898	56039731	3606
3899	56043337	15084
3900	56058421	2300
3901	56060721	1449
3902	56062170	14153
3903	56076323	6244
3904	56082567	6950
3905	56089517	10088
4671	65946206	30175
3907	56109693	4321
3908	56114014	6536
3909	56120550	21539
3910	56142089	10354
3911	56152443	14192
3912	56166635	8716
3913	56175351	11231
3914	56186582	10951
3915	56197533	5555
3916	56203088	13287
3917	56216375	5220
3918	56221595	3891
3919	56225486	4009
3920	56229495	2301
3921	56231796	6843
3922	56238639	5524
3923	56244163	4572
3924	56248735	4954
3925	56253689	7139
3926	56260828	12156
3927	56272984	10381
3928	56283365	5062
3929	56288427	6661
3930	56295088	5165
3931	56300253	14698
3932	56314951	12199
3933	56327150	22625
3934	56349775	6274
3935	56356049	6716
3936	56362765	5626
3937	56368391	12855
3938	56381246	10156
3939	56391402	10181
3940	56401583	7549
3941	56409132	4865
3942	56413997	4520
3943	56418517	3585
3944	56422102	1865
3945	56423967	8897
3946	56432864	10951
3947	56443815	13304
3948	56457119	10048
3949	56467167	6512
3950	56473679	4393
3951	56478072	6954
3952	56485026	8180
3953	56493206	9761
4689	66207124	16767
3955	56511152	6940
3956	56518092	10931
3957	56529023	11792
3958	56540815	10221
3959	56551036	5770
3960	56556806	4439
3961	56561245	13102
3962	56574347	11776
3963	56586123	11861
3964	56597984	6429
3965	56604413	14659
4748	67712440	17640
3967	56629666	10487
3968	56640153	17470
3969	56657623	14675
3970	56672298	4541
3971	56676839	20056
3972	56696895	17746
3973	56714641	4085
3974	56718726	4341
3975	56723067	14919
3976	56737986	7941
3977	56745927	10417
3978	56756344	3206
3979	56759550	4281
3980	56763831	11056
3981	56774887	4971
4784	68536348	17270
3983	56790079	11237
5992	93581277	12363
3985	56811912	7337
4679	66085308	17995
5200	77293197	26042
3988	56829439	3283
3989	56832722	5398
4688	66202686	4438
3991	56847969	16065
5536	84162994	41175
3993	56869593	10015
3994	56879608	17536
3995	56897144	6753
3996	56903897	9406
3997	56913303	3240
3998	56916543	3437
3999	56919980	5864
4000	56925844	10337
4001	56936181	5300
4002	56941481	9076
4003	56950557	5485
4004	56956042	1098
4005	56957140	4376
4006	56961516	8901
4007	56970417	4748
4008	56975165	4342
4009	56979507	4281
4010	56983788	4607
4011	56988395	7952
4012	56996347	5591
4013	57001938	8591
4014	57010529	6655
4015	57017184	12693
4016	57029877	1786
4017	57031663	2837
4018	57034500	7619
4019	57042119	16675
4020	57058794	15184
4021	57073978	13571
4022	57087549	6814
4023	57094363	2022
4024	57096385	14908
4025	57111293	2599
4026	57113892	27536
4027	57141428	26813
4699	66508446	47876
4029	57200814	19790
4030	57220604	23321
4031	57243925	25880
4032	57269805	10105
4033	57279910	23230
4034	57303140	4944
4035	57308084	16024
4036	57324108	6738
4037	57330846	32282
4038	57363128	13931
4039	57377059	46240
4040	57423299	24650
4041	57447949	15867
4042	57463816	39870
4043	57503686	17269
4044	57520955	21571
4045	57542526	24841
4046	57567367	17048
4047	57584415	11643
4048	57596058	28595
4049	57624653	12168
4050	57636821	6372
4051	57643193	24090
4052	57667283	15114
4053	57682397	17190
4054	57699587	18255
4055	57717842	13296
4056	57731138	15515
4057	57746653	27949
4058	57774602	14969
4059	57789571	25219
4060	57814790	22626
4061	57837416	23536
4062	57860952	22114
4063	57883066	15250
4064	57898316	16012
4065	57914328	7774
4066	57922102	13867
4067	57935969	49218
4068	57985187	18005
4069	58003192	19102
4070	58022294	20872
4071	58043166	6510
4072	58049676	12725
4683	66158247	1079
4074	58079082	17608
4075	58096690	14764
4076	58111454	41723
4077	58153177	28829
4078	58182006	16846
4079	58198852	24818
4080	58223670	5951
4081	58229621	25297
4082	58254918	17211
4083	58272129	18134
4084	58290263	18164
4085	58308427	27450
4086	58335877	25222
4087	58361099	30578
4088	58391677	30019
4089	58421696	27483
4090	58449179	13533
4091	58462712	31553
4092	58494265	22200
4093	58516465	14710
4094	58531175	17431
4095	58548606	18632
4096	58567238	12868
4097	58580106	26074
4098	58606180	15133
4099	58621313	19421
4100	58640734	20335
4101	58661069	12718
4102	58673787	15103
4103	58688890	26159
4104	58715049	16147
4105	58731196	27455
4106	58758651	36817
4107	58795468	18601
4108	58814069	24500
4109	58838569	12743
4110	58851312	19842
4111	58871154	19771
4112	58890925	28525
4113	58919450	25068
4114	58944518	25906
4115	58970424	22978
4116	58993402	15866
4117	59009268	17572
4118	59026840	6834
4119	59033674	22642
4120	59056316	17936
4121	59074252	28242
4122	59102494	16083
4123	59118577	14390
4124	59132967	16215
4125	59149182	19502
4126	59168684	14528
4127	59183212	44130
5480	82959947	12319
4129	59259159	13936
4130	59273095	30689
4131	59303784	28713
4132	59332497	9383
4133	59341880	17003
4134	59358883	12434
4135	59371317	11715
4136	59383032	17613
4137	59400645	20384
4138	59421029	44388
4139	59465417	9734
4140	59475151	10925
4141	59486076	32932
4142	59519008	16488
4143	59535496	22491
4144	59557987	9279
4145	59567266	19638
4146	59586904	26075
4147	59612979	16223
4148	59629202	15926
4149	59645128	29057
4150	59674185	14470
4151	59688655	25518
4152	59714173	21335
4153	59735508	31099
4154	59766607	31656
4155	59798263	17080
4731	67286536	29663
4157	59843743	15608
4158	59859351	21007
4159	59880358	15590
4160	59895948	19152
4161	59915100	22317
4162	59937417	18261
4163	59955678	20922
4164	59976600	25789
4165	60002389	27202
4166	60029591	15385
4783	68519181	17167
4168	60080336	29976
4169	60110312	67289
4170	60177601	41957
4171	60219558	35494
4172	60255052	19340
4173	60274392	7862
4174	60282254	13437
4175	60295691	15501
4176	60311192	11731
4177	60322923	32046
4178	60354969	19346
4179	60374315	5720
4180	60380035	17668
4181	60397703	15587
4182	60413290	23929
4183	60437219	23863
4184	60461082	29453
4185	60490535	26670
4186	60517205	30536
4187	60547741	15908
4188	60563649	17832
4189	60581481	12238
4190	60593719	26004
4191	60619723	25241
4192	60644964	16737
4193	60661701	37837
4194	60699538	22290
4195	60721828	22025
4196	60743853	18082
4197	60761935	17271
4198	60779206	27674
4199	60806880	17666
4200	60824546	16961
4201	60841507	11168
4202	60852675	38385
4203	60891060	12716
4204	60903776	21752
4205	60925528	11622
4590	64598218	10473
4678	66063476	21832
5202	77335379	24020
4587	64545191	18813
4210	60957960	7536
4211	60965496	4677
4212	60970173	17120
4213	60987293	2693
4214	60989986	9230
4670	65931196	15010
4583	64429068	30639
4217	61026840	6718
4218	61033558	8018
4219	61041576	8145
4220	61049721	6411
4582	64414142	14926
4581	64397652	16490
4223	61072333	6816
4224	61079149	1511
4225	61080660	3185
4580	64387042	10610
4579	64378214	8828
4578	64367025	11189
4577	64352476	14549
4576	64333193	19283
4231	61107310	8700
4232	61116010	7553
4233	61123563	5655
4234	61129218	7237
4235	61136455	7729
4236	61144184	1643
4573	64271645	31914
4571	64229055	30494
4569	64210996	1653
4567	64177614	15118
4565	64117817	28203
4242	61177417	6396
4243	61183813	1505
4244	61185318	942
4245	61186260	3634
4246	61189894	6352
4559	63921767	15020
4557	63867824	23137
5203	77359399	13406
4250	61215436	8093
4251	61223529	7030
4252	61230559	8722
4253	61239281	2688
5217	77579613	4018
4677	66048021	15455
4256	61247854	7160
4257	61255014	9165
4258	61264179	10494
5215	77548786	17224
5213	77519289	10104
4261	61298025	5305
4262	61303330	4999
4263	61308329	1316
4682	66152803	5444
4265	61315753	19566
4266	61335319	11794
4267	61347113	22278
4687	66186017	16669
4745	67623880	29281
4270	61384516	2348
4597	64713405	16883
4695	66359798	52921
4273	61396920	14639
5198	77242863	24338
5537	84204169	19441
4586	64524235	20956
4277	61431847	10584
4278	61442431	11033
4279	61453464	8247
5534	84076813	51681
4281	61468140	7131
4282	61475271	14229
4751	67800145	21657
4284	61500094	20251
4285	61520345	10579
5530	84006748	8576
4287	61545599	12837
4288	61558436	1641
5528	83979550	15449
5799	89450331	27679
4674	66011092	5147
5629	86090482	16104
5576	85001950	7851
4294	61607412	1352
4295	61608764	11294
5191	77123422	16812
4681	66120170	32633
4298	61633292	5126
5193	77150119	12896
4300	61650210	13105
4301	61663315	3152
4302	61666467	12154
4591	64608691	19463
4304	61689858	7116
4305	61696974	15184
4589	64569539	28679
4307	61719495	10149
4308	61729644	6178
4309	61735822	10154
4310	61745976	4116
4311	61750092	3494
4312	61753586	14053
4313	61767639	8640
4314	61776279	5801
4315	61782080	8471
4316	61790551	14902
4317	61805453	10133
4318	61815586	6924
4319	61822510	5601
4320	61828111	3686
4528	63334573	13472
4655	65736355	32905
4653	65701544	17152
4651	65679604	5937
4649	65658705	15752
4667	65905851	4165
4645	65582904	11657
4642	65546273	22943
4639	65484501	22363
4637	65439353	18828
4635	65401647	21740
4633	65382465	4645
5259	78389121	19292
4765	68056290	12763
4762	68022422	3655
4336	61956086	6751
4337	61962837	3420
4338	61966257	3587
4339	61969844	6304
4340	61976148	9794
4341	61985942	10300
4342	61996242	3142
4343	61999384	1952
4344	62001336	1813
4345	62003149	5412
4346	62008561	2499
4347	62011060	2100
4348	62013160	3048
4349	62016208	1264
4350	62017472	1622
4351	62019094	2386
4352	62021480	825
4353	62022305	2115
4354	62024420	4637
4355	62029057	1686
4356	62030743	3038
4357	62033781	1507
4358	62035288	2683
4359	62037971	4625
4360	62042596	1007
4361	62043603	1760
4362	62045363	2444
4363	62047807	880
4364	62048687	3097
4365	62051784	2673
4366	62054457	1096
4367	62055553	870
4368	62056423	1301
4369	62057724	1673
4370	62059397	1789
4371	62061186	1727
4372	62062913	1514
4373	62064427	1235
4374	62065662	2065
4375	62067727	3258
4376	62070985	2533
4377	62073518	2888
4378	62076406	2001
4379	62078407	1736
4380	62080143	2241
4381	62082384	1457
4382	62083841	3700
4383	62087541	3947
4384	62091488	2788
4568	64192732	18264
4523	63260039	11071
4558	63890961	30806
4388	62115049	9547
4680	66103303	16867
4588	64564004	5535
4538	63474179	12956
4539	63487135	10266
4686	66166428	19589
4502	63063289	5143
4501	63056992	6297
4676	66037396	10625
4675	66016239	21157
4541	63507455	39262
4672	65976381	18959
4495	63033490	9423
4668	65910016	9523
4494	63027058	6432
4665	65869684	13224
4749	67730080	41235
4584	64459707	31194
4524	63271110	23087
4730	67277585	8951
4684	66159326	1173
4760	67991954	12650
4747	67690490	21950
4500	63055230	1762
4499	63054425	805
4540	63497401	10054
4656	65769260	29336
4654	65718696	17659
4652	65685541	16003
4566	64146020	31594
4490	62984554	19623
4691	66237115	21427
4489	62983013	1541
4641	65531805	14468
4638	65458181	26320
4636	65423387	15966
4634	65387110	14537
4757	67945115	23967
5261	78423940	17313
4728	67235953	25383
4759	67970645	21309
4756	67923381	21734
4754	67879119	23531
4753	67846655	32464
4750	67771315	28830
4544	63585998	15148
4536	63455686	5602
4535	63451696	3990
4534	63441503	10193
4437	62515345	4683
4438	62520028	11671
4533	63422459	19044
4532	63390793	31666
4531	63383039	7754
4442	62558518	9547
4443	62568065	14791
4530	63364090	18949
4529	63348045	16045
4527	63321841	12732
4526	63305390	16451
4525	63294197	11193
5584	85146999	27917
4450	62653226	15897
5299	79155380	14916
4592	64628154	15889
4522	63247936	12103
4454	62693818	2713
4585	64490901	33334
4521	63219151	28785
5196	77199017	27767
4769	68175126	32776
5532	84041476	18457
4560	63936787	14846
5214	77529393	19393
4561	63951633	31620
4562	63983253	73557
4563	64056810	31680
4564	64088490	29327
4466	62813034	3204
4467	62816238	5178
5669	87027498	19755
4552	63748352	9197
4640	65506864	24941
5257	78356634	19963
5181	76979606	15194
4698	66486957	21489
4764	68044800	11490
4692	66258542	36822
4570	64212649	16406
4572	64259549	12096
4574	64303559	10625
4575	64314184	19009
4537	63461288	12891
4481	62932408	4931
4482	62937339	2937
4483	62940276	1481
4752	67821802	24853
5218	77583631	18365
4755	67902650	20731
